  0.238245666    
  0.446396232    
  0.420491338    
  0.530692637    
  0.910721600    
  0.416131020    
  0.612662375    
  0.668823659    
  0.128753185    
  0.138109744    
  0.541859806    
  0.398465395    
   5.99900484E-02
  0.130731404    
  0.573368967    
  0.618327558    
  0.581789494    
  0.449893713    
  0.650815129    
  0.167670608    
  0.123575211    
  0.109494567    
  0.821531117    
  0.773051918    
  0.222712576    
  0.966315448    
  0.348774314    
  0.628578663    
  0.650319517    
  0.576233208    
  0.928414881    
  0.958505809    
  0.828305721    
  0.705988884    
  0.400349855    
  0.935999513    
  0.474249780    
  0.232452333    
  0.537859321    
  0.487252235    
  0.296161950    
  0.938860178    
  0.894180715    
  0.903854132    
  0.151606917    
  0.809164703    
   3.12781334E-02
  0.459255517    
  0.535725176    
  0.790821373    
  0.684232652    
  0.869408309    
  0.381761670    
  0.751444280    
   3.83727551E-02
  0.156258881    
  0.561622679    
  0.774201751    
  0.228272021    
  0.999915481    
  0.359573483    
  0.713667572    
  0.502310634    
  0.928284109    
  0.238926530    
  0.247172832    
  0.304992259    
  0.327477813    
  0.519432068    
  0.373930275    
  0.660481989    
  0.268041313    
  0.201859474    
  0.436648786    
  0.304309726    
  0.149757445    
  0.113767743    
  0.749408722    
  0.285488963    
  0.844013572    
  0.670067608    
  0.831039369    
  0.780521452    
  0.428689659    
  0.451049089    
  0.459005415    
  0.838524222    
  0.679509401    
  0.680843771    
  0.677009284    
  0.815162539    
  0.488602161    
  0.594916940    
  0.788657069    
  0.824637175    
  0.809573472    
  0.369723797    
  0.813138664    
  0.450964689    
   9.20653343E-02
  0.638789475    
  0.451926112    
  0.564339519    
  0.798443675    
  0.418334961    
  0.925735295    
  0.222113669    
  0.708413720    
   2.06794739E-02
  0.616752088    
  0.824263930    
  0.678165793    
  0.574683189    
  0.382368445    
  0.718833685    
  0.524811983    
  0.206172228    
  0.566716254    
  0.534619272    
  0.786266983    
  0.373783231    
  0.490518391    
  0.708683908    
  0.844044924    
  0.446201026    
  0.486382544    
  0.252196491    
  0.207604289    
  0.979419410    
  0.949203908    
  0.899318099    
  0.647908270    
  0.859111607    
  0.710196137    
  0.139315605    
  0.101157188    
  0.820045471    
   1.44498348E-02
  0.370057821    
  0.696292341    
  0.368521571    
  0.884804964    
  0.706090391    
  0.198794067    
  0.255344152    
   9.86021757E-03
   8.86732340E-03
  0.762844086    
  0.516945362    
  0.373249292    
  0.569415033    
  0.182831287    
  0.459671974    
  0.907770574    
  0.762366772    
  0.665522575    
  0.482850373    
  0.464082241    
  0.322073996    
  0.451446295    
  0.865365326    
  0.762521923    
  0.729412138    
  0.913365543    
  0.710250974    
  0.949637771    
  0.619307637    
  0.881227553    
  0.457161784    
  0.457665861    
  0.561307907    
  0.459021568    
  0.844720125    
  0.583773136    
   7.54868388E-02
  0.647449732    
  0.769590318    
  0.102393627    
  0.825100541    
  0.270219028    
   8.38458538E-03
  0.698801160    
  0.810044050    
   7.46468902E-02
  0.154211879    
  0.337144196    
  0.644185603    
  0.886758208    
  0.376618445    
  0.350184977    
  0.254111052    
  0.153328657    
  0.248454273    
  0.905568957    
   9.16434526E-02
  0.507700145    
  0.524688482    
  0.905805767    
  0.876914501    
  0.673081875    
  0.858948410    
  0.792812049    
  0.117832482    
  0.124440670    
  0.808700740    
  0.232202828    
  0.328509986    
  0.315423787    
  0.264556408    
   4.01631594E-02
  0.392929018    
  0.960145950    
  0.638533652    
  0.272008717    
  0.990432978    
  0.744114995    
   8.67343545E-02
  0.553182364    
  0.371093035    
  0.595991731    
  0.427703559    
  0.474171221    
  0.665242136    
  0.748891652    
  0.473737419    
   2.76424885E-02
  0.183283925    
  0.118592203    
  0.160546780    
  0.649104893    
  0.673345685    
  0.778771996    
  0.819118261    
  0.864634216    
  0.214735150    
  0.278508723    
  0.441031277    
  0.501549542    
  0.194676459    
  0.709147334    
  0.996647418    
  0.307342649    
  0.822501361    
  0.907749236    
  0.990491688    
  0.614054978    
  0.740587592    
  0.603900373    
  0.259048820    
  0.861034334    
  0.159864962    
  0.193182528    
  0.595596850    
  0.812945306    
  0.390285075    
  0.357254446    
  0.595011592    
  0.920528471    
  0.102163017    
   5.02345562E-02
  0.247553468    
  0.490506411    
  0.735541046    
   5.12332916E-02
  0.245355904    
  0.412799060    
  0.714594364    
  0.297830343    
  0.977255583    
   8.79453421E-02
  0.366519034    
  0.776769042    
  0.991770446    
  0.863152385    
  0.210902512    
  0.548008561    
  0.575742245    
  0.657365322    
  0.147311151    
  0.845186591    
  0.648984909    
  0.754211605    
  0.111057818    
  0.162564039    
  0.264616549    
  0.841141820    
  0.797079921    
  0.366907895    
  0.905279338    
  0.289351106    
  0.433339596    
  0.783248663    
  0.824190676    
  0.288242400    
  0.554748893    
   4.62453365E-02
   8.34872127E-02
  0.162165701    
  0.923116267    
  0.587423027    
   6.65491819E-03
  0.467598081    
  0.428975701    
  0.108493745    
   2.88012624E-02
  0.449300170    
  0.630502164    
  0.373245299    
  0.222276390    
  0.353439748    
   7.77516961E-02
  0.812721014    
  0.817659736    
  0.964800119    
  0.978444278    
  0.422567010    
  0.895813882    
  0.772863209    
  0.478922546    
  0.955483437    
  0.100411654    
  0.927228212    
  0.808398545    
   3.08063030E-02
  0.420819342    
  0.147970855    
  0.346344352    
  0.470096767    
  0.831479371    
  0.308208227    
  0.170015633    
  0.539089084    
  0.200392962    
  0.498514056    
  0.880807579    
  0.685176015    
  0.314894259    
  0.364856780    
  0.922215104    
  0.231605828    
  0.216028154    
  0.282396793    
   9.36318040E-02
   2.75459290E-02
  0.976964056    
  0.411197126    
  0.242556274    
  0.122982562    
  0.420359910    
  0.428113997    
  0.428699553    
  0.423716247    
  0.397039473    
  0.740991592    
  0.870607793    
  0.925624728    
  0.278954268    
   3.90033126E-02
  0.775853932    
   7.30919242E-02
  0.328206241    
  0.853929758    
  0.909047008    
  0.966777742    
  0.895531893    
  0.549234509    
  0.432909608    
  0.214088500    
  0.902306974    
  0.600492656    
  0.991467297    
  0.439116895    
  0.887077630    
  0.384562075    
  0.943359673    
  0.623581409    
  0.283025324    
  0.996566296    
  0.204017639    
  0.609750867    
  0.400326610    
  0.939712286    
  0.621071279    
  0.375186443    
   4.76201773E-02
  0.951014996    
  0.222581804    
  0.237531304    
  0.565708518    
  0.444441617    
  0.405817688    
  0.771556854    
   8.19810629E-02
  0.845847964    
  0.548779368    
  0.501120389    
  0.543186069    
  0.639959633    
  0.115247548    
  0.967560709    
  0.814309537    
  0.564389944    
  0.289950013    
   5.93208075E-02
  0.942387581    
  0.771588445    
  0.257181883    
  0.758276761    
  0.418816149    
  0.768224478    
  0.736985922    
   3.93875241E-02
  0.888473928    
  0.441431165    
  0.101682246    
  0.431654751    
  0.704903543    
  0.695904970    
  0.495056868    
   9.98790860E-02
   1.76553130E-02
  0.954934180    
  0.880884647    
  0.477263391    
  0.616144717    
  0.491152585    
  0.677518487    
  0.890051723    
  0.504371881    
  0.837388039    
  0.377880573    
  0.211265385    
  0.986117244    
  0.307513475    
  0.551190376    
  0.606842279    
  0.493209720    
  0.440374136    
  0.491538107    
  0.197892129    
  0.623108208    
   2.19613314E-03
  0.910348237    
  0.240721345    
  0.650358737    
  0.302763999    
   5.04181981E-02
  0.620399773    
  0.225857913    
  0.901164234    
  0.358039618    
  0.394042909    
  0.529394269    
  0.766732752    
  0.425898254    
  0.646558583    
  0.877860188    
  0.757122934    
  0.585478902    
  0.172615528    
  0.106095612    
   5.27302027E-02
  0.708491147    
  0.919040978    
  0.942993820    
  0.251543105    
  0.510234594    
   5.64633608E-02
  0.911158562    
  0.377342880    
  0.665329456    
  0.857712150    
  0.630307972    
   4.56703901E-02
  0.575733185    
  0.936507344    
  0.538874984    
  0.693279088    
  0.670309544    
  0.249808371    
  0.873561859    
  0.761437714    
  0.971438229    
  0.477448821    
  0.965976119    
  0.128823400    
  0.593934536    
  0.258248568    
  0.688124359    
  0.334960163    
  0.536796689    
  0.570764959    
  0.412292898    
  0.477008224    
  0.468997002    
  0.810580075    
  0.361190796    
  0.637692750    
  0.671753109    
  0.300222635    
  0.178714454    
  0.927486062    
  0.197536767    
  0.594244897    
  0.804406524    
  0.773597717    
  0.125418067    
  0.994523346    
  0.118576109    
  0.567569971    
  0.685261548    
  0.988270581    
  0.975578904    
  0.206094325    
  0.741027236    
  0.876685023    
   8.38128328E-02
  0.791293442    
  0.304221570    
  0.964074433    
  0.137817860    
  0.831666887    
  0.906950116    
  0.170521140    
  0.570366144    
  0.218712449    
  0.966967881    
  0.646209180    
  0.817311645    
  0.818583190    
  0.697033226    
  0.462867022    
  0.211771429    
  0.609845698    
  0.569364727    
  0.182777643    
  0.871415317    
   1.20592117E-02
  0.677699506    
  0.846289158    
  0.876630783    
  0.890191853    
  0.430805862    
  0.327838063    
   1.59341097E-03
  0.938871503    
  0.646093547    
  0.963791847    
  0.893785834    
  0.660164595    
  0.618161798    
  0.128634393    
  0.287693918    
  0.729300737    
  0.440943420    
  0.449647486    
  0.329679489    
  0.112740755    
  0.916737080    
  0.402998090    
  0.259701014    
  0.595567048    
  0.257129610    
   8.48654509E-02
  0.448341727    
  0.303426266    
  0.886368573    
  0.207481027    
  0.352426827    
  0.164864480    
  0.809218168    
  0.360699534    
  0.389314413    
  0.204694092    
  0.506200492    
  0.524523079    
  0.195213735    
  0.123534799    
  0.406789005    
  0.574598551    
  0.899819791    
  0.403981149    
  0.511818469    
  0.478968978    
  0.141360760    
  0.818190694    
  0.711956084    
  0.471304178    
  0.883665025    
  0.216223419    
  0.108109891    
  0.408870816    
  0.261323214    
  0.692750096    
  0.786044896    
  0.612586260    
  0.314653397    
  0.948314607    
  0.326551437    
  0.972209990    
  0.830046117    
   5.62042594E-02
   5.07212877E-02
  0.946396291    
  0.794095576    
  0.176668048    
  0.855110049    
  0.188356817    
  0.258538961    
   4.72003818E-02
  0.955024064    
  0.868699372    
  0.574600935    
  0.880728066    
  0.584518075    
  0.320381463    
  0.301659286    
  0.515538752    
  0.658905983    
  0.948136210    
  0.778997838    
   2.46691704E-02
  0.488291860    
  0.926406682    
  0.630310833    
  0.414782345    
  0.259439290    
  0.187441409    
  0.394551277    
  0.529525995    
  0.390471578    
  0.408001304    
  0.318289876    
  0.607210457    
  0.373903751    
  0.204733908    
  0.993817389    
  0.799546659    
  0.474963367    
  0.825837433    
   4.33209538E-02
  0.889536381    
  0.531017303    
  0.102783561    
   5.56493998E-02
  0.705892563    
  0.541239977    
  0.107016444    
  0.740844011    
   2.14605331E-02
  0.765410900    
  0.701843441    
  0.933173060    
  0.233930886    
  0.763108432    
  0.881909788    
  0.647688091    
  0.428426206    
  0.703064263    
   2.01945305E-02
  0.370949686    
  0.496560097    
  0.855131149    
  0.414274216    
  0.418497741    
  0.470508397    
  0.412611902    
  0.371665776    
  0.795585573    
  0.465051591    
  0.817850292    
  0.533032358    
  0.263885081    
  0.435216248    
  0.698240101    
  0.801126838    
  0.581639826    
  0.138364017    
  0.364520729    
  0.533307731    
  0.604497850    
  0.507381141    
  0.794120550    
  0.139467478    
  0.334677517    
  0.285961866    
  0.832110941    
  0.593164861    
  0.260514319    
  0.396319866    
  0.502664864    
  0.931698799    
  0.128766835    
  0.301973581    
  0.529470444    
   2.93841362E-02
  0.720088124    
  0.664015114    
  0.787314355    
  0.978146791    
  0.884779513    
  0.968002200    
  0.491677403    
  0.943045080    
  0.540657461    
  0.555920839    
  0.837381899    
  0.538875699    
  0.533871472    
   1.67743564E-02
  0.809622526    
  0.493728459    
  0.545471430    
  0.302091539    
  0.694838345    
  0.899473250    
  0.482048154    
  0.678789616    
   2.85671353E-02
  0.242350519    
  0.953670979    
  0.688372076    
  0.965491414    
  0.798490405    
  0.387970924    
  0.662540138    
  0.811665833    
  0.826015592    
   5.13353348E-02
  0.385028303    
  0.579759955    
  0.168798506    
  0.550627232    
  0.527969480    
  0.369196832    
  0.772301018    
  0.251897216    
  0.828299105    
  0.690031409    
   7.12309480E-02
  0.663842380    
  0.541579723    
  0.200437725    
  0.671028495    
  0.495775938    
  0.787103415    
  0.528616309    
  0.146245420    
  0.764159799    
  0.210122943    
  0.222965777    
  0.183865845    
  0.844182909    
  0.389785767    
  0.834516704    
  0.242697001    
  0.963329434    
  0.722638428    
  0.756826460    
  0.889322698    
  0.677446842    
  0.313359857    
  0.737388432    
  0.900661290    
  0.129488826    
   1.67992711E-02
  0.412299514    
  0.662440062    
  0.508244157    
   7.32122064E-02
  0.914664030    
  0.818408668    
  0.831876934    
  0.454034328    
  0.801975846    
  0.702670515    
  0.528256297    
  0.313923120    
  0.312964320    
  0.817120552    
  0.913788915    
  0.133494914    
  0.631112635    
   7.45511055E-02
  0.297599912    
  0.141700506    
  0.798701763    
  0.587792397    
  0.785898566    
  0.488066852    
  0.109894991    
  0.301738858    
  0.360301495    
  0.987217307    
  0.241359174    
  0.397072911    
  0.754087210    
  0.746387422    
  0.589192927    
  0.314288557    
  0.301496863    
  0.118922591    
  0.777460814    
  0.812572002    
  0.754700959    
  0.739966929    
  0.241683781    
  0.574685156    
  0.953962803    
  0.157272577    
  0.687663734    
  0.783905983    
  0.326048434    
  0.252201140    
  0.435822010    
  0.451299310    
   3.96152139E-02
  0.970582783    
  0.672702610    
  0.404302180    
  0.633869708    
  0.529703081    
   8.90646577E-02
   3.07852626E-02
  0.739775836    
  0.735727787    
  0.269861221    
  0.741017938    
  0.192830980    
  0.961358666    
  0.592813015    
   4.75889444E-02
  0.663335383    
   4.03723121E-02
  0.379161239    
  0.538296521    
  0.853981614    
  0.411592484    
  0.782939792    
  0.946185946    
  0.989578605    
  0.342230380    
   3.03536654E-03
   7.97755122E-02
  0.988888800    
  0.859903991    
  0.131424665    
   5.02687693E-02
  0.377003074    
  0.373549402    
  0.449359417    
  0.590013027    
  0.984034181    
  0.893647075    
  0.437367857    
  0.369974613    
  0.894218028    
  0.379582763    
  0.779394448    
  0.187376857    
  0.928567350    
  0.338117182    
  0.901553094    
  0.739548981    
  0.654543817    
  0.523899853    
  0.299719512    
  0.584917724    
  0.620653927    
  0.662024856    
  0.579858661    
  0.451958776    
  0.304785252    
  0.663291335    
  0.604169011    
  0.140028000    
  0.681772888    
  0.876272321    
  0.646058381    
  0.343117416    
  0.616872430    
  0.730264962    
   4.68485355E-02
  0.712706864    
  0.952425122    
   4.56005335E-03
  0.164843202    
   7.44540691E-02
  0.898881316    
  0.998034120    
  0.753400266    
  0.980593979    
  0.337456048    
  0.385165811    
  0.939365685    
  0.746169090    
  0.265817046    
  0.469853878    
  0.351928174    
  0.312625825    
  0.499396741    
  0.631726086    
  0.968259573    
  0.617987990    
  0.994229138    
  0.597440481    
   8.14448595E-02
   7.85238147E-02
  0.496873617    
  0.742476523    
  0.187238693    
   3.75492573E-02
  0.211650252    
  0.497704506    
  0.788698077    
  0.422747076    
  0.532610059    
  0.889888048    
  0.295269072    
  0.287152231    
   5.30356169E-02
  0.196375489    
  0.418802500    
  0.550741434    
  0.726590395    
  0.345414817    
  0.329221964    
  0.204317272    
  0.764793277    
  0.247426331    
  0.528077483    
  0.892709970    
  0.714345634    
  0.957885861    
  0.897846282    
   8.27413797E-03
  0.217252314    
  0.915104747    
  0.627441764    
   1.29041672E-02
  0.692673922    
  0.641901493    
  0.410106897    
  0.627054930    
  0.434888899    
  0.400276124    
   5.07072806E-02
  0.890155375    
   5.51543236E-02
  0.754161954    
  0.241832912    
  0.322696030    
  0.209973872    
  0.926972687    
  0.865231216    
  0.843385458    
  0.549158096    
  0.976700008    
  0.427564681    
  0.116529882    
  0.565647244    
  0.607317924    
  0.224050343    
  0.364758849    
  0.443225026    
  0.865329027    
  0.547308803    
  0.447936594    
   1.59124136E-02
   7.27177262E-02
  0.921343088    
  0.369649172    
  0.425026655    
  0.930918753    
  0.394448698    
   2.32570767E-02
  0.727432907    
  0.517360687    
  0.113457680    
   7.76845813E-02
  0.604286432    
  0.633786917    
  0.406869411    
  0.918325365    
  0.195636809    
  0.140912712    
  0.240441620    
  0.935875297    
  0.879322886    
  0.519693196    
  0.833117723    
  0.937945247    
  0.411069036    
  0.769989431    
  0.343052626    
  0.825340748    
  0.480276108    
  0.861480057    
  0.721143901    
  0.385839820    
  0.759968162    
  0.496222019    
  0.726282597    
  0.909746051    
  0.660681009    
  0.735154569    
  0.925466537    
   5.71611524E-02
  0.547212362    
  0.927787781    
  0.871843159    
  0.884297013    
  0.925548971    
  0.800221026    
  0.955615044    
  0.392397940    
  0.343796968    
   8.95591378E-02
  0.743345737    
  0.907479703    
  0.176275134    
  0.929249287    
  0.752932549    
  0.971331954    
  0.976861835    
   2.16198564E-02
  0.607685685    
  0.551733613    
  0.727106154    
  0.359703481    
  0.364235997    
  0.242900014    
  0.417516291    
  0.813637316    
  0.141876042    
  0.747441292    
  0.463047981    
  0.299311697    
  0.979135811    
  0.112844169    
  0.885484576    
  0.284512222    
  0.229133785    
  0.224793673    
  0.576687813    
  0.376110196    
  0.995350361    
   8.09297562E-02
  0.933943033    
  0.981772959    
  0.464049578    
  0.866940379    
  0.590512097    
  0.112857819    
  0.158714175    
  0.488107681    
  0.559863448    
  0.337235689    
  0.972482622    
  0.797899961    
  0.453257740    
  0.470128179    
  0.892326534    
  0.799401283    
  0.743821919    
  0.403285921    
  0.746468544    
  0.684899032    
  0.298720181    
  0.311659753    
  0.707035065    
  0.420736969    
   1.72402859E-02
  0.321476519    
  0.373479605    
  0.997472346    
  0.368482590    
  0.551787615    
  0.633800626    
  0.955492854    
   7.70003200E-02
  0.403157651    
  0.103224277    
  0.944776177    
  0.677350342    
  0.508667290    
  0.870039701    
  0.910673916    
  0.980822206    
  0.619000673    
  0.358099818    
  0.952848136    
  0.344569623    
  0.331715465    
  0.307843804    
  0.549858451    
  0.885263622    
  0.640585959    
  0.413846850    
  0.717557311    
  0.901673794    
  0.877093494    
  0.197216690    
  0.522004962    
  0.504137635    
  0.368365228    
  0.899171352    
  0.980002344    
  0.239844859    
   7.73320794E-02
  0.450034738    
  0.946391284    
  0.296448529    
  0.465583622    
  0.375878036    
  0.243651867    
  0.461760581    
  0.582991183    
   9.37212110E-02
  0.285068572    
   8.88918042E-02
  0.729218543    
  0.429937065    
  0.157207310    
  0.613490880    
  0.581029892    
  0.778719187    
  0.835633397    
  0.249688804    
   7.78062344E-02
  0.997625232    
  0.107801795    
   5.35307527E-02
  0.240306914    
  0.775122583    
  0.726952434    
  0.839830697    
  0.129256010    
  0.512044609    
  0.777869344    
  0.970719993    
  0.436619222    
   5.37606478E-02
  0.400325060    
  0.644454479    
  0.197666824    
  0.815114379    
  0.411801219    
  0.153915346    
  0.329873025    
  0.784533501    
  0.200321853    
  0.874648333    
  0.266231894    
   4.44875956E-02
   6.70300126E-02
  0.609485447    
  0.757873893    
  0.163038313    
  0.949537396    
  0.396889627    
  0.309721470    
  0.391647756    
  0.682077587    
  0.700083673    
  0.150533736    
  0.180872738    
  0.739941776    
  0.297097147    
  0.380300999    
  0.606166959    
  0.274389386    
  0.471150279    
  0.834442079    
  0.765155256    
   8.11887980E-02
  0.544083714    
  0.341386855    
  0.775365174    
  0.854497194    
  0.249527574    
  0.794757724    
  0.834760904    
  0.446949303    
  0.729351699    
  0.291546464    
  0.817321479    
  0.716880381    
  0.673354328    
  0.829665422    
  0.245334387    
  0.138909936    
  0.547682822    
  0.777043164    
  0.566617131    
  0.776382625    
  0.478051603    
  0.967906237    
  0.636256576    
  0.697908700    
  0.700909555    
  0.608464181    
  0.641781688    
  0.578333437    
  0.707372725    
   9.62972045E-02
   6.26218915E-02
  0.654380798    
  0.419052720    
  0.640148520    
  0.384990215    
  0.325366497    
  0.965124071    
  0.997466624    
  0.380329907    
  0.826618135    
   9.81977582E-02
  0.497979701    
  0.546196222    
  0.226006985    
  0.842733860    
  0.851855814    
  0.726799667    
  0.962446570    
  0.844960511    
  0.262258887    
  0.511108160    
  0.140654325    
  0.466357052    
   5.88471889E-02
  0.287159145    
  0.660611033    
  0.105488360    
  0.880063117    
  0.502996027    
  0.772323787    
  0.980008125    
  0.752859890    
  0.277534127    
  0.648919761    
  0.796734452    
  0.171641707    
  0.758603036    
  0.890077174    
  0.758538187    
  0.123644769    
   9.77652073E-02
  0.609675407    
  0.246896863    
   3.70895863E-03
  0.754044175    
  0.946394563    
  0.170768499    
  0.422598422    
  0.293832421    
  0.778668165    
  0.678882003    
  0.720023334    
  0.573612392    
  0.850460351    
  0.543930948    
  0.976979792    
  0.259491622    
  0.720985055    
  0.996303082    
   5.67215681E-02
  0.834126949    
  0.166805685    
  0.676101565    
  0.353046238    
  0.627075672    
  0.440207839    
  0.739597738    
  0.973561466    
   8.41498375E-02
  0.969852388    
   2.71268487E-02
  0.928850770    
  0.479510605    
  0.150339901    
  0.779721677    
  0.347135603    
  0.937814891    
  0.977441549    
  0.784110963    
   8.47278833E-02
  0.722678661    
  0.296321392    
  0.633181036    
  0.240285754    
  0.806002855    
  0.832445085    
  0.213242888    
  0.844040632    
  0.320460677    
  0.805548847    
  0.774222970    
  0.943625689    
  0.594074547    
  0.845097780    
  0.339637399    
  0.737493694    
  0.477475107    
  0.255907834    
  0.800562441    
  0.317505717    
  0.125049651    
  0.997623324    
  0.618528903    
   9.59106684E-02
  0.523976922    
  0.179424882    
  0.482141435    
  0.264118016    
  0.850795746    
  0.588915169    
  0.651532769    
  0.661796510    
  0.219702303    
  0.575061262    
  0.931470811    
  0.267656744    
  0.960366666    
  0.438963652    
  0.630772650    
  0.400996864    
  0.795105100    
  0.541947365    
   7.89737701E-03
  0.819863379    
  0.685984731    
  0.794158459    
  0.644737005    
  0.562456846    
  0.771583438    
  0.808641970    
  0.584646881    
  0.299687982    
  0.953956485    
  0.793389857    
  0.802286804    
  0.989844203    
  0.116511285    
  0.572265387    
  0.828396142    
   5.57573438E-02
  0.230378866    
  0.266088545    
  0.472961664    
  0.115422010    
  0.847789109    
  0.450283766    
  0.255243719    
  0.717670560    
  0.493239641    
  0.205055058    
  0.664012194    
  0.756324112    
  0.786056578    
  0.479766846    
   9.44683552E-02
  0.363343596    
  0.290043056    
  0.787823677    
  0.221717060    
  0.859134734    
  0.396167755    
  0.652505100    
  0.942665577    
  0.629738450    
  0.400810182    
  0.454810202    
   3.10955048E-02
  0.365385175    
  0.153458416    
  0.606884003    
  0.422683716    
   6.08125925E-02
   6.25169277E-03
  0.672716737    
  0.598759830    
  0.640866697    
  0.140402198    
  0.490688682    
  0.112296164    
  0.223195016    
  0.278690875    
  0.749449849    
  0.776900887    
  0.371525347    
  0.869253635    
  0.707890272    
  0.338289380    
  0.338185310    
   8.04218650E-02
  0.656227767    
  0.806398273    
  0.882312775    
  0.478169560    
   4.78183627E-02
  0.253544331    
   4.47376370E-02
  0.220279455    
  0.239360392    
  0.230532587    
   7.36109614E-02
  0.623398900    
  0.978429556    
  0.361592472    
  0.113511622    
  0.788991630    
  0.174745977    
  0.770180821    
  0.865444660    
  0.901042521    
  0.860735416    
  0.560537040    
  0.647400916    
  0.748320282    
  0.375301242    
  0.354360163    
  0.200990140    
  0.882997334    
   2.67199874E-02
  0.260842860    
  0.896420777    
   8.16460252E-02
  0.955353737    
  0.869829118    
   3.99575233E-02
  0.452230871    
  0.722959399    
  0.689091623    
  0.515699446    
  0.199160755    
  0.578489780    
   2.09411979E-02
  0.994263709    
  0.495444238    
  0.783227921    
  0.546033442    
  0.511905789    
  0.516487718    
  0.349787951    
  0.836525440    
  0.233113647    
  0.720696926    
  0.360817969    
  0.406491280    
  0.619463086    
  0.797735214    
  0.587478638    
  0.884681821    
  0.143619657    
  0.552149296    
  0.741477609    
  0.277830482    
  0.580784202    
  0.778750360    
  0.589722514    
  0.129307806    
  0.715347230    
  0.435566068    
  0.973269403    
  0.619108856    
  0.473555326    
  0.921761334    
  0.183024168    
  0.364663303    
  0.294254839    
  0.643370152    
  0.121461809    
   7.45739341E-02
  0.593444347    
   5.63777089E-02
  0.627615452    
  0.250193357    
  0.953392625    
   3.97744775E-02
  0.341847122    
  0.253239989    
  0.482999027    
  0.728015304    
  0.795309365    
  0.816245496    
  0.881548643    
   8.51449370E-02
  0.475502193    
  0.244038582    
  0.962593257    
  0.434325278    
  0.748591065    
  0.491120636    
  0.452941358    
  0.887707233    
  0.420259356    
   6.28614426E-03
  0.419228911    
  0.507167399    
  0.329512179    
  0.625821829    
  0.286761582    
  0.254757464    
  0.692552507    
  0.626467109    
  0.783486545    
  0.707240999    
  0.112030029    
  0.259903610    
  0.730537951    
   2.70918608E-02
  0.523380518    
  0.758131206    
  0.204753280    
  0.741657197    
  0.229888201    
  0.127286911    
  0.288824439    
  0.749153316    
  0.697102964    
   5.44265509E-02
  0.337227583    
  0.657609642    
  0.678721130    
  0.592289090    
  0.550727725    
  0.754352510    
  0.808488488    
  0.896336257    
   5.19942641E-02
   3.99607420E-02
  0.633197308    
  0.595476985    
  0.956675470    
  0.200486541    
   7.14321136E-02
  0.586381555    
  0.190475941    
  0.197160304    
  0.527014613    
  0.118375540    
  0.825823128    
  0.824971974    
  0.998370171    
  0.636771560    
  0.823865056    
  0.751767039    
  0.712673485    
  0.970398307    
  0.240052998    
  0.289030015    
  0.800936878    
  0.605607808    
  0.216127992    
  0.427069664    
  0.339199960    
  0.431394815    
   4.80306149E-03
  0.215789139    
  0.346279502    
  0.642879367    
  0.425826132    
  0.167282283    
  0.608659923    
  0.311081052    
   4.86769080E-02
  0.387671232    
  0.991333663    
  0.680918753    
  0.787600458    
  0.280717432    
  0.607118189    
  0.638236642    
  0.825302362    
  0.482538640    
  0.318101883    
  0.166367888    
  0.583806157    
  0.942927718    
  0.201353014    
  0.163758814    
  0.907801867    
   5.47983646E-02
  0.270822287    
  0.515095949    
  0.311088264    
  0.814549327    
  0.371751189    
  0.725060225    
  0.953736484    
  0.682032883    
  0.388376653    
  0.272895753    
  0.454218864    
  0.562641680    
   2.31266022E-04
  0.320809305    
  0.336143434    
  0.261256099    
  0.296494365    
  0.242154896    
  0.601618767    
  0.426027536    
  0.893232048    
   4.74070311E-02
  0.334982038    
  0.486654282    
  0.845407844    
  0.362235188    
   7.61291385E-02
  0.124456048    
  0.133816838    
  0.779085159    
  0.615627110    
  0.441753268    
  0.876206338    
  0.188133001    
  0.433972597    
  0.965177774    
  0.923011303    
  0.901905477    
  0.693193972    
  0.474624038    
  0.168381631    
  0.540591002    
  0.424256325    
  0.553168118    
  0.808532119    
  0.945405245    
  0.825511873    
  0.313389957    
  0.452297628    
  0.812670112    
  0.138518572    
  0.669252932    
  0.633510828    
  0.578134596    
  0.846865654    
  0.819176853    
  0.940669298    
  0.149133980    
  0.868439257    
  0.218031108    
  0.643311620    
  0.956367612    
  0.633446872    
  0.523828924    
  0.889989793    
   4.92811203E-02
  0.733049393    
  0.376519799    
  0.409702063    
  0.513806164    
  0.958834291    
   6.68855906E-02
  0.636739433    
  0.838469028    
  0.321951628    
  0.668672621    
  0.801111639    
  0.211993992    
  0.508951306    
  0.172961056    
  0.102540195    
  0.918478310    
  0.300591588    
  0.501268923    
  0.405212879    
  0.326750755    
  0.987394035    
  0.932671845    
  0.239716947    
  0.322556674    
  0.622301817    
  0.365748644    
  0.512657642    
  0.212692201    
  0.894895196    
  0.689100742    
  0.124869406    
   3.08319330E-02
  0.730505168    
  0.659771681    
   8.30366611E-02
  0.271726310    
  0.495591581    
  0.952745736    
  0.353212893    
   5.96148968E-02
  0.387646914    
   8.75650048E-02
  0.643729150    
  0.570329666    
  0.475778878    
  0.215475202    
  0.409249127    
  0.116837204    
  0.774287701    
  0.144974053    
  0.494988799    
  0.450935483    
  0.888408899    
   7.47186542E-02
  0.576803386    
  0.340338767    
  0.191261828    
   1.71373487E-02
  0.978009105    
  0.706488609    
  0.838663459    
  0.582722783    
  0.519741297    
  0.843904376    
  0.416871786    
  0.106978655    
  0.591615498    
  0.918050289    
  0.438087940    
   5.89506030E-02
  0.699482560    
  0.529868066    
  0.104009390    
  0.242662966    
  0.367883384    
  0.854707241    
  0.983306766    
  0.855446100    
  0.939581633    
  0.528101683    
  0.475278258    
  0.719079494    
  0.202452898    
  0.501961291    
   1.16514564E-02
  0.700063646    
  0.663397133    
  0.901603997    
  0.213207126    
  0.482093096    
  0.421131134    
  0.546711683    
   5.90152144E-02
  0.920300484    
  0.529403687    
   2.86186337E-02
  0.878949761    
  0.367018998    
  0.323034048    
  0.832221329    
  0.168185413    
   2.76461840E-02
  0.547817886    
  0.652944684    
  0.908118069    
   5.67461848E-02
   5.40829301E-02
  0.430800915    
  0.424481273    
  0.157183290    
  0.725019991    
  0.908660412    
   6.97366595E-02
   1.43365860E-02
  0.587985873    
  0.853570342    
  0.303898335    
  0.439450145    
  0.515797377    
  0.538534582    
  0.928880513    
  0.535052657    
  0.696575940    
  0.974492669    
  0.204936862    
  0.233061969    
  0.461740375    
   3.86893749E-02
  0.831509233    
  0.621082366    
  0.375608385    
  0.879858196    
  0.411461771    
  0.879643440    
  0.846297383    
  0.650259316    
  0.953671157    
  0.589105010    
  0.931911409    
  0.581824958    
  0.504860044    
  0.400641918    
  0.176702440    
  0.780565083    
   4.73845601E-02
  0.237344503    
  0.139494061    
   7.25399256E-02
  0.679210424    
   2.55863070E-02
   7.29244947E-03
  0.759948015    
  0.636206090    
  0.203725100    
  0.781916201    
  0.220615268    
  0.107098043    
  0.642517090    
  0.749947429    
  0.624959290    
  0.573820353    
  0.710111916    
  0.996062398    
  0.561068952    
  0.258806884    
  0.522165000    
  0.605797529    
   3.96472216E-03
  0.966179252    
  0.263123453    
  0.553279400    
  0.838757753    
  0.579133689    
  0.277689397    
  0.564866602    
  0.220044911    
  0.547358513    
  0.377335906    
  0.675834298    
  0.533687115    
   5.56902885E-02
   3.07838917E-02
  0.612667382    
  0.776716471    
  0.357310951    
  0.375985980    
  0.691006541    
   9.87672210E-02
  0.596775353    
   6.02687597E-02
  0.875549614    
  0.862238646    
  0.528595150    
  0.152887940    
  0.837035775    
  0.125013292    
   9.37619805E-02
  0.870846629    
  0.952509463    
  0.328861594    
  0.197971761    
  0.957610250    
  0.393466890    
  0.688174963    
  0.879847407    
  0.804691434    
   9.35431719E-02
   7.08460808E-02
  0.181897640    
  0.568380892    
  0.891157925    
  0.771956563    
  0.367015719    
  0.292864025    
  0.551506639    
  0.177116632    
  0.428211451    
  0.776864231    
  0.432500422    
  0.279275894    
   4.47112322E-03
  0.917521775    
  0.835826933    
  0.142603874    
  0.207520008    
  0.282554626    
  0.243195117    
  0.147547960    
  0.100398242    
  0.515583873    
  0.662439525    
  0.109749854    
  0.165425420    
  0.940563262    
  0.911673546    
  0.110436559    
  0.580686390    
  0.652262568    
  0.107447207    
  0.259246290    
  0.530266583    
  0.269803166    
  0.626222908    
  0.972979426    
   1.23197436E-02
  0.712622046    
  0.743009567    
  0.201773643    
  0.505388498    
  0.621519566    
  0.261347771    
  0.463418543    
  0.421591520    
  0.378434896    
  0.790075779    
  0.900448263    
  0.176999211    
  0.801800370    
   1.07835531E-02
  0.865366220    
  0.263255417    
  0.196537316    
  0.903733194    
  0.644886017    
  0.789597273    
  0.819255173    
  0.869367957    
  0.239143729    
  0.473585308    
  0.203033864    
  0.942789853    
  0.769326687    
  0.983333826    
  0.426742315    
  0.209098458    
  0.571406782    
   9.35280323E-03
  0.797701895    
  0.113636017    
  0.634688675    
  0.849751949    
   6.01406693E-02
  0.499963999    
  0.938337445    
  0.837824285    
  0.849537134    
  0.832273126    
  0.869032741    
  0.932157099    
  0.673276126    
  0.983014584    
  0.623409450    
  0.373173475    
  0.944634318    
  0.257930756    
   5.85789680E-02
  0.763352156    
  0.218691289    
  0.936918378    
   8.43079090E-02
  0.818955302    
  0.805642724    
  0.430296123    
  0.552222610    
  0.816327751    
  0.450763047    
  0.400490046    
  0.647906780    
  0.794291258    
  0.165033102    
  0.403026640    
  0.803430021    
  0.935121059    
  0.610422313    
  0.878616571    
  0.948936462    
  0.852637649    
  0.619902790    
  0.755566716    
  0.702978909    
  0.767978013    
  0.552045941    
  0.404835701    
  0.323242307    
   3.11410427E-02
  0.834823906    
  0.122014821    
  0.897368550    
  0.381386638    
  0.935413182    
  0.555915892    
  0.417813540    
   9.07165408E-02
  0.847277045    
  0.864719748    
  0.145127296    
  0.428501785    
  0.765729725    
  0.736517429    
  0.998420477    
  0.117460251    
  0.920308828    
  0.659905732    
  0.107821703    
  0.370364547    
  0.366683781    
  0.264066517    
  0.103141069    
  0.199091136    
  0.402101338    
  0.880955935    
  0.564422846    
  0.505959332    
  0.834581614    
   8.44942331E-02
  0.742565751    
  0.962866724    
  0.140830159    
  0.917844236    
  0.788787544    
  0.890149355    
  0.556849122    
  0.966512501    
   1.90984011E-02
  0.266891241    
  0.485933185    
  0.747236371    
  0.932296813    
  0.586597323    
  0.108343661    
  0.921499372    
  0.785153329    
  0.725731254    
  0.844499767    
  0.390485406    
  0.940323353    
  0.441130459    
  0.508600414    
  0.663690984    
  0.239739954    
  0.676413894    
  0.826228261    
   8.59305859E-02
  0.690688193    
  0.875236213    
  0.685106158    
  0.243785739    
  0.409621537    
   8.24640989E-02
  0.771848500    
  0.364467382    
  0.149174511    
   7.26070404E-02
  0.850887120    
  0.878137052    
  0.841506660    
  0.463009417    
  0.923513532    
  0.575873792    
  0.968670487    
  0.309017539    
  0.200090826    
  0.764572144    
  0.547972381    
  0.866199911    
  0.741117895    
  0.397265017    
  0.783606112    
   7.88248777E-02
  0.561135828    
  0.219228804    
  0.700351417    
  0.251583040    
  0.508531213    
   8.05737972E-02
  0.602012038    
  0.654165030    
  0.659882545    
  0.480699718    
  0.512082338    
  0.595231414    
   2.82199979E-02
  0.872633219    
   2.40492821E-02
  0.703378081    
  0.964589298    
   7.25581050E-02
  0.434078217    
  0.138584554    
  0.746053398    
  0.134794354    
  0.691584468    
  0.283468783    
  0.944136262    
  0.558842003    
  0.689660966    
  0.753017306    
  0.814920425    
  0.622225285    
  0.550323188    
   7.11340308E-02
  0.895294130    
  0.569021642    
  0.443578780    
  0.954783440    
  0.874359131    
  0.435405254    
  0.250273287    
  0.706806540    
  0.741186500    
  0.687912405    
  0.111804783    
  0.891671062    
  0.391377449    
  0.786666870    
  0.264615178    
  0.488736093    
  0.692986846    
   1.97281241E-02
  0.568791926    
  0.549817860    
  0.326450765    
  0.935393631    
  0.462807178    
   6.82918429E-02
  0.673204064    
  0.620788217    
  0.137254119    
  0.157592714    
  0.872685075    
  0.160594106    
  0.690814674    
  0.467663705    
  0.216891170    
  0.122808874    
  0.662366033    
   1.53180361E-02
  0.159943461    
  0.289780796    
  0.131965160    
  0.579023302    
  0.828852177    
  0.268726826    
  0.545958340    
  0.113043964    
   7.18866587E-02
  0.459073782    
  0.359319925    
  0.738468468    
  0.940347672    
  0.595672429    
  0.858409226    
  0.888056576    
  0.400452077    
  0.585563898    
  0.690689743    
  0.606595278    
  0.851780295    
  0.907549322    
  0.204717934    
  0.932565987    
  0.379229069    
  0.776367188    
  0.938807189    
  0.947186053    
   5.85232377E-02
  0.737786233    
  0.914153457    
   5.94902039E-02
   5.52529097E-03
  0.931986809    
  0.662009835    
  0.484734356    
  0.390152574    
  0.476993144    
   7.18799233E-02
  0.589686871    
  0.860687315    
  0.301974654    
  0.699747860    
  0.668822885    
  0.611328900    
  0.995731056    
  0.868088782    
  0.764274538    
  0.652802706    
   4.35888767E-04
  0.429295063    
  0.623439729    
  0.191137135    
  0.987142980    
  0.849426806    
  0.991966426    
  0.244470119    
  0.992794931    
  0.898016810    
  0.862750053    
  0.406084120    
   5.62450290E-02
  0.802314579    
  0.471533298    
  0.607451022    
  0.477412939    
  0.392713010    
  0.842798591    
  0.951573431    
  0.371857405    
  0.861110687    
  0.662214339    
  0.360647082    
  0.933812499    
  0.996539414    
  0.553364098    
  0.675823987    
  0.858126462    
  0.346937001    
  0.991170704    
  0.692818344    
  0.956827939    
  0.409380853    
  0.293403327    
  0.835862815    
  0.752636194    
  0.529974997    
  0.911099017    
  0.455233455    
  0.905996084    
  0.763727963    
  0.912438869    
  0.686132371    
  0.895331860    
   1.65557861E-03
  0.568694234    
  0.819765747    
  0.316633642    
  0.756960034    
  0.450320303    
  0.514563859    
  0.315057695    
   2.06965208E-03
  0.498223364    
   2.00542212E-02
  0.824372888    
  0.999879479    
  0.896064281    
  0.647864282    
  0.893895268    
  0.545512140    
  0.646085262    
  0.172526360    
  0.561397791    
  0.919539034    
  0.985420585    
  0.983310044    
  0.622972608    
  0.375670254    
   5.57596087E-02
  0.622539461    
  0.812480569    
  0.853739738    
  0.696171880    
  0.576552331    
  0.374337375    
  0.831587791    
   7.37667084E-02
  0.666077316    
  0.652971089    
  0.564856589    
  0.237152278    
  0.395545483    
  0.542090952    
  0.598058343    
  0.954167843    
   1.86433196E-02
  0.487886965    
  0.700432122    
  0.611877561    
  0.701738894    
  0.970158577    
  0.464291930    
  0.813124418    
  0.994342387    
  0.512839556    
  0.553809881    
  0.588925481    
  0.431656837    
  0.176806211    
  0.311992943    
  0.938553333    
  0.787470996    
  0.543165028    
  0.989389956    
  0.810990274    
  0.964616179    
  0.351247370    
  0.211230636    
   5.13389111E-02
  0.923959732    
  0.681004882    
  0.952278018    
  0.205173552    
  0.696843565    
  0.676963568    
  0.411572456    
  0.965092301    
  0.242000341    
  0.929260552    
  0.215705037    
  0.814242721    
  0.287007213    
  0.544629991    
  0.114819169    
  0.575574696    
   8.36139917E-03
  0.705135465    
  0.234965920    
  0.423287153    
  0.287408352    
  0.356803000    
  0.429801166    
  0.531184673    
   2.02983022E-02
  0.338972330    
  0.577153623    
  0.890584409    
  0.851640224    
  0.888897717    
   5.18448949E-02
  0.328712344    
   9.76905227E-02
  0.858392954    
  0.428600013    
  0.154756784    
   9.66310501E-02
  0.199401438    
  0.823130131    
  0.449838817    
  0.164705694    
  0.965991855    
  0.522849619    
  0.455579460    
  0.277200341    
  0.136349022    
  0.280230582    
  0.899549067    
  0.725486159    
  0.964417040    
  0.969777286    
  0.640817702    
  0.621538579    
  0.701085925    
  0.497441828    
  0.293309450    
  0.350745142    
  0.957707107    
  0.433795512    
  0.423127413    
  0.285886288    
  0.828414977    
  0.261993170    
  0.751606405    
  0.684777737    
  0.205024779    
  0.419241786    
  0.717073917    
  0.986147463    
  0.277591288    
  0.536278546    
   4.44015265E-02
  0.890536308    
  0.670174479    
  0.182010353    
  0.122692943    
   1.34015083E-02
  0.291355371    
  0.920331299    
  0.923743546    
  0.293863952    
  0.733294129    
  0.349749625    
  0.367035508    
  0.151490271    
  0.552459419    
  0.778709173    
  0.679844260    
  0.513436019    
  0.878563702    
  0.885293007    
  0.814025164    
  0.711084068    
  0.405663133    
  0.235506475    
  0.177770615    
  0.429370642    
  0.130528688    
  0.613045871    
  0.680058956    
  0.489583850    
  0.732747316    
  0.251910150    
   6.89426064E-02
  0.393882394    
  0.232739091    
  0.673047125    
   1.15338564E-02
  0.364233553    
  0.254158437    
  0.839444757    
   3.37088108E-03
  0.628373802    
  0.660302281    
  0.434182703    
  0.929815948    
  0.213082910    
  0.766830802    
  0.882176816    
  0.143123686    
  0.470239103    
  0.858594894    
  0.968100905    
  0.755012095    
  0.617328942    
  0.731172204    
  0.642320216    
  0.877867103    
  0.939128518    
  0.542450488    
  0.570912421    
  0.588139474    
  0.842844546    
  0.333125591    
  0.491910994    
  0.321497440    
  0.861577094    
  0.359555721    
  0.218822896    
  0.100462437    
  0.650478363    
  0.470719337    
  0.926198363    
  0.350680947    
  0.231171608    
  0.945823371    
   4.19855118E-03
  0.497970164    
  0.190008700    
  0.143630266    
  0.892793238    
  0.554009080    
  0.267658174    
  0.385885656    
  0.444207847    
  0.459487557    
  0.948880255    
  0.501513720    
  0.659486175    
  0.720074177    
  0.426445127    
  0.988527179    
  0.263795435    
  0.415105164    
  0.905422568    
  0.209634662    
  0.588881135    
   6.74015284E-02
  0.916742504    
  0.727894008    
  0.128562748    
  0.298607647    
  0.789532721    
  0.443598568    
  0.751322269    
  0.438329399    
  0.910404921    
  0.289733052    
  0.305776417    
  0.782703757    
  0.149146557    
  0.354390323    
  0.690081596    
  0.457004249    
  0.350344121    
  0.954271376    
  0.421345532    
  0.828370392    
  0.628759384    
  0.627324998    
  0.771085441    
  0.842802048    
  0.540753007    
  0.133585930    
  0.116903782    
  0.896806836    
  0.737196863    
  0.988170147    
  0.958220661    
  0.540721059    
  0.228692174    
  0.943614542    
  0.425876915    
   8.45889449E-02
  0.476332605    
  0.641457140    
  0.168477595    
  0.308218062    
  0.992892683    
  0.927174628    
  0.333160222    
  0.662603438    
  0.961898327    
  0.691631794    
  0.671242595    
  0.826702416    
  0.421409130    
  0.284837425    
   5.84669113E-02
  0.160904765    
  0.773624480    
  0.379245937    
  0.634436607    
  0.663462639    
  0.802554429    
  0.515746593    
  0.846823215    
  0.483386457    
  0.390471399    
  0.898616076    
  0.237214208    
  0.262337804    
  0.667477250    
  0.560404241    
  0.174696028    
  0.989891171    
  0.765724778    
  0.121443093    
  0.735799432    
  0.789716363    
   1.72661543E-02
  0.706532955    
  0.707071781    
  0.678839266    
  0.843101621    
  0.559268594    
  0.665301263    
  0.239317060    
  0.510104895    
  0.411046565    
  0.298102260    
  0.949774444    
  0.265311837    
  0.138170838    
  0.329139054    
  0.498057544    
  0.877176702    
  0.684222698    
   4.28997278E-02
  0.189679146    
  0.101718366    
  0.355736077    
  0.693277359    
  0.743165195    
  0.486755133    
  0.134239972    
  0.316085279    
  0.400116205    
  0.706745446    
  0.915638804    
   8.78847837E-02
  0.288879156    
  0.392085791    
  0.282459855    
  0.547980785    
  0.694753587    
  0.679342210    
  0.970049739    
  0.813971043    
  0.741713166    
  0.357421696    
  0.731781304    
  0.598623276    
  0.639496028    
  0.104911268    
  0.755313277    
  0.545138597    
  0.620653868    
  0.816441536    
  0.936028481    
  0.101780772    
  0.140274167    
  0.516244471    
  0.259558797    
  0.428526044    
  0.633337557    
  0.707138956    
  0.778119862    
  0.766150713    
   3.65883112E-02
  0.789315879    
  0.100799978    
   5.22482991E-02
  0.196730912    
  0.164902031    
  0.637717366    
  0.936346769    
  0.965754330    
  0.714180887    
  0.239677906    
   7.96674490E-02
  0.452417552    
  0.910159647    
  0.221866727    
  0.835554123    
  0.674285114    
  0.575528562    
  0.984730959    
  0.410063446    
  0.980586946    
  0.819397867    
  0.986381948    
  0.600359797    
  0.187383175    
  0.161642075    
  0.346261680    
  0.205222607    
  0.578366101    
  0.780229270    
  0.361249328    
  0.531318307    
   7.27668405E-02
  0.322665989    
  0.169431686    
  0.940948188    
  0.292367518    
  0.286152065    
  0.497337759    
  0.444681942    
  0.747291028    
  0.547762692    
  0.577885509    
  0.131625295    
  0.243819892    
  0.558729947    
  0.441137314    
  0.405164838    
  0.618039548    
  0.142731249    
  0.281977355    
  0.451139688    
  0.142273962    
   1.55217052E-02
  0.537980914    
  0.755326092    
   1.47735476E-02
  0.442690551    
  0.964076519    
  0.829923809    
  0.381486952    
  0.174793184    
  0.190820515    
  0.367337406    
  0.655056059    
   5.92199564E-02
   6.81986213E-02
  0.240511537    
  0.251355350    
  0.587533116    
  0.965295315    
  0.322207868    
  0.226482689    
  0.162175059    
  0.141622782    
  0.407272756    
  0.275584698    
  0.810437739    
  0.337496102    
  0.460997283    
  0.425300777    
  0.412741840    
  0.867790163    
  0.555099845    
  0.541718841    
  0.765786529    
  0.928674340    
  0.177106261    
  0.715704858    
  0.480861187    
  0.179570556    
  0.710186422    
  0.344337523    
  0.409416914    
  0.179896057    
   3.59887481E-02
  0.423811734    
  0.472506225    
  0.926020920    
  0.439510226    
  0.527019560    
   2.74692178E-02
  0.266520262    
  0.900727987    
  0.820534348    
  0.154737115    
  0.927473068    
  0.508184075    
  0.342193007    
  0.696665883    
  0.311658323    
  0.808935225    
  0.793624461    
  0.873732269    
  0.584568441    
  0.270436704    
  0.715598404    
  0.555205464    
  0.723326564    
  0.810340941    
  0.926943541    
  0.627325356    
  0.378799498    
  0.623056889    
  0.707463324    
  0.868481219    
  0.653796434    
  0.596200287    
  0.715432465    
  0.580270946    
   3.98423672E-02
  0.816058338    
  0.776680887    
   8.25834870E-02
   5.58134317E-02
  0.992166936    
  0.550610900    
  0.789717019    
  0.278501987    
  0.933330297    
  0.352913618    
   4.77483273E-02
  0.345793545    
  0.676470101    
  0.704323947    
   8.81626010E-02
  0.977520704    
  0.126452684    
  0.185710490    
  0.170592070    
  0.333890140    
  0.954967737    
  0.666616201    
  0.415900767    
  0.907954752    
  0.190243363    
  0.596217990    
   7.41171837E-03
  0.647359550    
  0.937923908    
  0.144825697    
  0.401620507    
  0.480760813    
  0.687580645    
  0.331677318    
  0.877880037    
   6.39467239E-02
  0.703728557    
  0.340542257    
  0.706895769    
  0.461222529    
  0.455529153    
  0.412089348    
  0.600196481    
  0.901613772    
  0.176829517    
  0.833928227    
   3.55366468E-02
  0.223551631    
  0.363804638    
   6.95871711E-02
  0.502197742    
  0.690296769    
   4.31485176E-02
  0.197205245    
  0.735889316    
  0.739674687    
  0.596126378    
  0.789384902    
  0.746573329    
   3.60772610E-02
  0.938016295    
  0.686694264    
  0.967962623    
  0.689729631    
  0.433809102    
  0.427975833    
  0.414343655    
  0.456911385    
  0.844053984    
  0.122627914    
  0.647947192    
   2.29236484E-02
   7.40236640E-02
  0.634403646    
   6.85095787E-03
  0.769116998    
  0.796750665    
  0.628879905    
  0.595761895    
  0.514541745    
  0.472067595    
  0.321569800    
  0.129035473    
  0.332524419    
  0.556058168    
  0.506599665    
  0.342507362    
  0.856390774    
  0.887566209    
  0.343310893    
  0.414231777    
  0.510995388    
  0.317840934    
  0.494462311    
  0.562123954    
  0.680458903    
  0.468463182    
  0.499849379    
  0.579238296    
  0.559520483    
  0.655113041    
   8.25452209E-02
  0.350334346    
  0.167614818    
  0.456387520    
  0.841297150    
  0.177821815    
  0.880050957    
  0.312513471    
  0.834042788    
  0.730600119    
  0.980059862    
  0.797345817    
  0.858714521    
  0.115547538    
  0.312107861    
  0.311290681    
  0.369773030    
  0.404916346    
  0.812947571    
  0.373174846    
  0.618647099    
  0.368005574    
  0.840471268    
  0.969488978    
  0.743553519    
  0.449577451    
  0.603297949    
  0.765041888    
  0.599320292    
   4.25554514E-02
  0.897701979    
  0.738543093    
  0.897411227    
  0.691712379    
   3.71425152E-02
  0.167905986    
  0.109217763    
  0.630951405    
  0.858849466    
  0.617328107    
  0.117181420    
  0.632882237    
  0.651112139    
   6.53344393E-03
  0.206895888    
  0.101772428    
  0.315367341    
  0.919574916    
  0.804439366    
   7.71498084E-02
   8.73607993E-02
  0.743681014    
  0.532106757    
  0.432742536    
  0.549558401    
  0.940191627    
  0.703068554    
  0.993256688    
  0.476057649    
  0.779169619    
  0.124087870    
  0.822803676    
  0.309867620    
  0.135091603    
  0.177459896    
  0.363629282    
  0.143018126    
  0.936926782    
   1.23568773E-02
  0.168100834    
  0.735666156    
  0.571061611    
  0.738523841    
  0.642926335    
  0.603245318    
  0.564717531    
  0.816254795    
  0.744940817    
   9.61008668E-02
  0.833627701    
  0.154942811    
  0.643748224    
  0.852239668    
  0.569971561    
  0.606841564    
  0.260190308    
  0.349752128    
  0.794365644    
  0.757500291    
  0.158234656    
  0.451143980    
  0.782919586    
  0.771426201    
  0.662340105    
  0.519204021    
  0.190134704    
  0.838798285    
  0.947119296    
  0.379818618    
  0.322241783    
   2.21867561E-02
  0.703293443    
  0.848181486    
  0.555685401    
  0.155492544    
  0.583745897    
  0.273978353    
   9.93502140E-03
  0.914180577    
  0.398441851    
   7.21653700E-02
   9.99596119E-02
   2.04160810E-02
  0.318514168    
  0.333495378    
  0.581024230    
  0.494013429    
  0.542301655    
  0.516557038    
  0.998560548    
  0.500607908    
  0.263089478    
  0.447634697    
  0.850999475    
  0.770946503    
  0.824949622    
  0.916583955    
  0.930273294    
  0.383518577    
  0.929534435    
  0.127713203    
  0.261945128    
  0.579490483    
  0.466047227    
  0.470853746    
  0.553467870    
  0.856424212    
  0.261379600    
  0.652924240    
  0.564532280    
  0.959893167    
  0.694377124    
  0.350032628    
  0.522713184    
  0.794548452    
  0.762309432    
  0.326811910    
  0.759614170    
  0.932731032    
   3.28971148E-02
  0.806834221    
  0.318841577    
  0.701789916    
  0.862080216    
  0.707509995    
  0.792649209    
  0.547400177    
  0.512398541    
  0.215903938    
  0.143708527    
   3.62005830E-02
  0.853628635    
  0.575726151    
  0.992517948    
  0.823364556    
  0.862923443    
  0.787195325    
  0.583285034    
  0.435918868    
  0.639146090    
  0.704736173    
  0.999660671    
  0.909428954    
  0.158686340    
  0.542431355    
  0.367685199    
  0.305618048    
  0.710209012    
   3.33070755E-04
  0.681892931    
  0.505919456    
  0.912705362    
  0.265793443    
  0.368676186    
  0.398909509    
  0.302189171    
  0.966675162    
  0.712284207    
   5.17359376E-02
  0.414636254    
  0.570189178    
  0.513950527    
  0.942219615    
  0.596527696    
  0.564981878    
  0.437200904    
  0.450605333    
  0.829917550    
  0.726082802    
  0.880400062    
  0.840302765    
  0.320351124    
   9.39655900E-02
  0.666231811    
  0.762071669    
  0.777204037    
  0.806490183    
  0.561701953    
  0.392025471    
  0.627668083    
  0.186266363    
  0.371809483    
  0.496253610    
  0.854749084    
  0.716041446    
  0.745517731    
  0.269408107    
  0.654388785    
  0.548556387    
  0.115927935    
  0.565736890    
  0.604913175    
  0.236589491    
  0.448619246    
  0.320144176    
  0.735544324    
  0.452622771    
  0.536498725    
  0.395789862    
  0.206168056    
  0.362765908    
  0.278536856    
  0.677568197    
   9.48005915E-02
  0.540242195    
  0.463319898    
  0.536116362    
  0.302122235    
  0.324302793    
  0.478363335    
  0.654463232    
  0.880602479    
  0.680808723    
  0.853357255    
  0.653671563    
  0.544300318    
  0.669238269    
  0.212464571    
  0.405351758    
  0.955625772    
  0.739588499    
  0.615231395    
  0.914738119    
  0.588957369    
  0.101115227    
  0.467810750    
  0.421590924    
  0.742369831    
   8.00181031E-02
  0.957387328    
  0.713339448    
  0.540680826    
  0.348905623    
  0.276189148    
  0.752687454    
   3.97831798E-02
  0.879208565    
  0.900940180    
  0.562551677    
  0.610601544    
  0.499096930    
  0.928203046    
  0.179631591    
  0.983024240    
  0.500977993    
  0.800465524    
  0.991781414    
  0.103223443    
  0.750014603    
  0.229495883    
  0.932342291    
  0.315389931    
  0.423510790    
  0.861970425    
  0.435043216    
   9.31948423E-02
  0.376010656    
  0.920200586    
  0.519381046    
  0.100331008    
  0.743049622    
  0.457428753    
  0.331097305    
  0.481192827    
  0.851753175    
  0.763514519    
  0.412598968    
  0.343521357    
  0.480286241    
  0.149215043    
  0.550139964    
  0.441991568    
   7.01982379E-02
  0.514578700    
   4.83856797E-02
  0.948277235    
   6.99797869E-02
  0.869579732    
  0.603594661    
  0.128076911    
  0.835198343    
  0.676837087    
  0.587192118    
  0.412165701    
  0.620879769    
   7.06831217E-02
  0.483991921    
  0.819658697    
  0.403544426    
  0.780156970    
  0.104523599    
  0.513954163    
  0.271093488    
  0.977397978    
  0.788247466    
  0.661372125    
  0.489676058    
  0.131496847    
  0.905045569    
  0.263462543    
  0.297518730    
   7.56914616E-02
  0.242231548    
  0.313911378    
  0.871634364    
  0.764892638    
  0.932739913    
  0.450920582    
  0.901506901    
  0.640297890    
  0.514372110    
  0.501450121    
  0.457618296    
  0.380761266    
  0.888505936    
  0.936176896    
  0.257519066    
  0.493562877    
  0.748101532    
  0.511376381    
   9.13289785E-02
  0.693385065    
  0.576295078    
  0.458429992    
  0.588555157    
  0.859432280    
  0.767161489    
  0.777915478    
  0.511870027    
  0.786618710    
  0.838303924    
  0.198575854    
  0.591480553    
   8.95484686E-02
  0.923001587    
  0.900056303    
  0.135174870    
  0.588471174    
  0.884377122    
  0.795960486    
  0.588638306    
  0.615462303    
  0.985405147    
  0.940424323    
  0.843392730    
  0.411851466    
  0.755396545    
  0.801978230    
  0.606952727    
   7.34790564E-02
  0.754304349    
  0.696112096    
  0.980437994    
  0.914520383    
   7.21573830E-02
  0.273446858    
  0.981177092    
  0.934274375    
  0.511976242    
  0.839767396    
  0.924071074    
  0.295079947    
  0.443510771    
  0.454954565    
  0.121215105    
  0.847821653    
  0.174178898    
  0.485883951    
  0.276772499    
  0.317994118    
  0.863213360    
  0.398956537    
  0.664898872    
  0.600215435    
  0.238125443    
  0.998462498    
  0.678323209    
  0.801368296    
  0.337958515    
  0.587204993    
  0.667074919    
  0.616859376    
  0.754932284    
  0.673370242    
  0.244224131    
  0.830667377    
  0.949759901    
  0.124992847    
   9.27791595E-02
  0.242768288    
  0.529883325    
  0.536679864    
  0.684162855    
   9.13600326E-02
  0.194281101    
  0.837465525    
  0.986961067    
  0.247535229    
  0.486421764    
  0.457148969    
  0.358130157    
  0.833178163    
  0.540557146    
  0.760691166    
  0.288914740    
  0.802893460    
  0.269676507    
  0.659907460    
   1.97318196E-02
  0.552195907    
  0.782467782    
  0.837472796    
  0.317080379    
  0.519176543    
  0.799394488    
  0.627953589    
  0.863000095    
  0.754103601    
  0.994974732    
  0.927585304    
  0.192324042    
   3.02649140E-02
  0.234501064    
  0.387934327    
  0.776854694    
  0.271135151    
  0.305446744    
  0.681947887    
  0.222901702    
  0.496004879    
   6.43479824E-03
  0.121471405    
  0.581011534    
  0.691093564    
  0.653895080    
  0.945948720    
  0.932145119    
  0.514017642    
  0.166158140    
  0.241568685    
  0.564106345    
  0.588644385    
  0.199823976    
  0.302103281    
  0.144951165    
  0.893406749    
  0.572648108    
  0.764672577    
  0.937902689    
  0.546157658    
  0.528911352    
  0.172538042    
   4.06390429E-02
  0.254996181    
  0.131074369    
  0.305305958    
  0.463539839    
  0.764915109    
  0.578790367    
  0.745900989    
  0.287385285    
  0.177757084    
  0.586475730    
  0.929217875    
  0.747433066    
   2.27516890E-03
  0.610880852    
  0.944685638    
  0.665145099    
  0.154679835    
  0.880825579    
  0.216028392    
  0.510460138    
  0.941382885    
  0.113162756    
  0.671886265    
   4.41024303E-02
  0.591273189    
  0.830790162    
  0.779206455    
   8.98976326E-02
  0.316349566    
  0.160155237    
  0.335864365    
  0.408948362    
  0.931879282    
  0.654342473    
  0.880399883    
  0.722280622    
  0.578619421    
  0.948377013    
   8.99238586E-02
  0.213755012    
  0.819482982    
  0.614669263    
  0.983233809    
  0.691546023    
  0.474748433    
  0.348610342    
  0.487694800    
  0.694625795    
  0.704232693    
  0.657819867    
  0.621121049    
  0.429005265    
  0.861935496    
  0.335045457    
  0.886745036    
   4.27774191E-02
  0.499680102    
  0.148395777    
  0.996610761    
  0.648796082    
  0.867692828    
  0.922008097    
  0.850218356    
  0.232280970    
  0.926640809    
  0.546360373    
  0.661820889    
  0.979802549    
  0.151697934    
  0.689306557    
  0.188986480    
  0.728072584    
  0.640792727    
  0.549264133    
  0.612744331    
   1.45506263E-02
  0.889581263    
  0.181240916    
  0.332723320    
  0.258300543    
   4.47074175E-02
  0.399045408    
   9.60105062E-02
  0.696694851    
  0.376143932    
  0.978012025    
   7.20806718E-02
  0.985231459    
  0.941855013    
  0.169912398    
  0.906500995    
  0.963540971    
   5.86074591E-02
  0.185371935    
  0.277205646    
  0.294385791    
  0.136577725    
  0.822533011    
  0.958731949    
  0.138616204    
  0.505140185    
   8.42526555E-02
  0.826046646    
  0.684403837    
  0.630965173    
  0.855869651    
  0.923663855    
  0.834636927    
  0.740985632    
  0.202113986    
  0.971769989    
  0.703301191    
  0.810696781    
  0.147782147    
  0.457975566    
  0.280430794    
  0.588443398    
  0.784242570    
   7.93439150E-02
   8.01231265E-02
  0.874285877    
  0.870065331    
  0.218940675    
  0.677729845    
  0.198094606    
  0.482962787    
  0.997368693    
  0.831188798    
  0.932997704    
  0.284792006    
  0.595149040    
  0.377648771    
  0.538510799    
  0.131684363    
  0.662149966    
  0.754602849    
  0.154751718    
  0.821994901    
  0.481278837    
  0.842980742    
  0.590665340    
  0.506120145    
  0.328505933    
  0.838783383    
  0.675635397    
   5.46123981E-02
  0.755971253    
  0.695999205    
  0.782947838    
  0.548396647    
  0.958469570    
  0.634039938    
   6.88688159E-02
  0.715241075    
   2.59046555E-02
  0.908959806    
  0.111461043    
  0.726549208    
  0.373386681    
  0.520119071    
   8.52438807E-02
  0.129684150    
  0.609898448    
  0.136587262    
  0.891331434    
  0.711959243    
  0.554452240    
  0.477498412    
  0.783624649    
  0.483646035    
  0.843200445    
  0.216287196    
  0.302978218    
  0.242227077    
  0.582186043    
  0.841249168    
  0.498058558    
  0.991900802    
  0.284125090    
  0.905403137    
  0.989979267    
  0.739894629    
  0.828156769    
  0.554893136    
  0.759961009    
  0.141479671    
  0.118528008    
  0.808251739    
  0.688956022    
  0.827044547    
   6.45858645E-02
  0.808703184    
  0.940537810    
  0.319592595    
  0.297261655    
   8.38434696E-02
  0.172437072    
  0.152931154    
  0.937949538    
  0.236536860    
  0.237307370    
  0.323637068    
  0.291554689    
  0.423795819    
  0.879107654    
  0.942534924    
  0.622222781    
  0.985751867    
  0.466356456    
  0.517714202    
  0.634165704    
  0.120673656    
  0.217313588    
   5.20820618E-02
  0.234531224    
  0.887473047    
  0.691107869    
  0.390116274    
  0.105423212    
  0.877922058    
  0.197906494    
  0.131627560    
   9.95834470E-02
  0.897721231    
  0.847223103    
  0.768953204    
  0.640979528    
  0.363378763    
  0.176914692    
  0.878844619    
  0.990389705    
  0.580537021    
  0.698217154    
  0.462654591    
  0.846854627    
  0.122167408    
  0.810272694    
  0.764058530    
  0.142008305    
  0.871365547    
  0.770634651    
  0.162449181    
  0.981094122    
  0.769880772    
  0.980381429    
  0.215315342    
  0.230831146    
  0.412184179    
  0.797122180    
  0.804521739    
  0.710729361    
  0.399905860    
  0.608874798    
   3.24738026E-02
  0.202447355    
  0.748355508    
  0.704514861    
  0.656239450    
  0.670787275    
  0.732534647    
  0.450511515    
   5.31351566E-02
   4.39665914E-02
  0.178052783    
  0.122970223    
  0.634357512    
  0.976769269    
  0.422247291    
  0.226420522    
  0.407362819    
  0.855484247    
  0.739992261    
  0.747863591    
   5.22421598E-02
  0.719889522    
  0.745816946    
  0.586362004    
  0.630988121    
  0.686104000    
  0.840250492    
  0.925847113    
  0.903509259    
  0.676751375    
  0.288236976    
  0.702657938    
  0.700404525    
  0.976596773    
  0.827574432    
  0.739055932    
  0.959089518    
  0.836980164    
  0.904205799    
  0.615755558    
  0.493232787    
  0.189466357    
   9.83802676E-02
  0.783718646    
  0.298284888    
  0.265195608    
  0.633340776    
  0.825460494    
  0.816392303    
  0.465519011    
   7.69817829E-02
  0.990836620    
  0.893432796    
  0.228460789    
  0.568237126    
  0.681915700    
  0.224149942    
  0.242399812    
   2.48770714E-02
  0.742078424    
  0.833399415    
  0.649799407    
  0.242340803    
  0.699925363    
  0.982695222    
  0.412608385    
  0.337754965    
  0.767238200    
  0.239931524    
  0.660736144    
  0.342651010    
  0.742380917    
  0.912567914    
  0.214159429    
  0.316211104    
  0.874389589    
  0.753754556    
  0.474459231    
  0.789039493    
  0.984709918    
  0.123591840    
  0.712400019    
  0.156058371    
  0.748615503    
  0.709617138    
  0.139522910    
  0.655328810    
  0.798044741    
  0.133134902    
  0.763968706    
  0.626001716    
  0.308506906    
  0.514737368    
  0.720994353    
  0.495708108    
  0.117321074    
  0.378467858    
  0.909133732    
  0.830165327    
  0.465550244    
  0.347163081    
  0.966651201    
  0.793505430    
  0.937159896    
  0.729062676    
  0.228012383    
  0.913396418    
  0.627530396    
  0.614084661    
  0.959887862    
  0.348845541    
  0.153145373    
  0.948412955    
  0.338566422    
  0.377900422    
  0.706366956    
  0.979681730    
  0.395002067    
  0.331151366    
   5.96809387E-02
  0.373135030    
  0.206457257    
  0.409422696    
  0.570016086    
  0.789832830    
  0.706772327    
  0.436548352    
  0.542460442    
   2.70797610E-02
  0.847705901    
   9.23846364E-02
  0.394003987    
  0.423152089    
  0.589959979    
  0.843315005    
  0.272638023    
  0.783202171    
   7.94221759E-02
  0.470223308    
  0.853327513    
  0.820133805    
  0.639938235    
  0.247263968    
  0.692694664    
  0.431212246    
  0.375500858    
  0.502181053    
  0.696703315    
  0.786566019    
   3.07166576E-02
  0.793293715    
  0.460000694    
  0.362972379    
  0.578401566    
  0.201407850    
  0.244931459    
  0.490947604    
  0.231212556    
  0.906539619    
  0.676011980    
  0.930012584    
   4.84930277E-02
  0.289656818    
  0.646384656    
  0.293331146    
  0.854285598    
  0.945623815    
  0.309275746    
  0.165528655    
  0.120149910    
  0.339816093    
  0.324276030    
  0.345742345    
  0.511922777    
  0.945070744    
   4.77027893E-02
  0.538920701    
  0.104524255    
  0.631313264    
  0.236156642    
  0.248679996    
  0.337641895    
  0.425480902    
  0.245136559    
  0.797764659    
  0.183092356    
  0.664412081    
  0.311521828    
  0.846580386    
  0.679690063    
  0.576088905    
  0.695724368    
  0.980177462    
   3.26620936E-02
  0.969736397    
  0.772836864    
  0.577460766    
  0.346988618    
  0.308978677    
  0.247357607    
  0.874996185    
  0.110785663    
  0.180883825    
  0.737235546    
  0.156663716    
  0.229110003    
   3.33627462E-02
  0.332559466    
  0.508123159    
  0.926494956    
  0.745755911    
  0.222689390    
  0.902763426    
  0.625672042    
  0.878282487    
  0.614202321    
  0.890608907    
  0.133274257    
  0.364415526    
  0.506002247    
  0.934126496    
  0.282020390    
  0.297553778    
  0.466879904    
  0.864148259    
  0.980750263    
  0.446729898    
  0.437092721    
  0.654914856    
  0.821059287    
  0.653225541    
   5.22337556E-02
   4.83542085E-02
  0.977086782    
  0.620810807    
  0.974769831    
  0.956495821    
  0.243308961    
   8.66326690E-02
  0.302170515    
  0.352796674    
  0.732450008    
  0.839879215    
   3.13224196E-02
  0.921804488    
   1.72108412E-02
  0.774635017    
  0.449895978    
  0.887963772    
  0.492866337    
  0.766716421    
  0.925718784    
  0.139076352    
   4.65991497E-02
  0.238608778    
  0.948570490    
  0.629288733    
  0.966099560    
  0.630744874    
  0.891564488    
   6.19586110E-02
  0.779789209    
  0.844612777    
  0.625882983    
  0.123214781    
  0.199870467    
  0.248919070    
  0.133026481    
  0.723002732    
  0.995385408    
  0.925318658    
  0.438845992    
  0.817208886    
  0.574782073    
  0.260476410    
  0.224000871    
  0.621922910    
   8.84547234E-02
  0.488589823    
   5.83412647E-02
  0.211264431    
  0.251145661    
  0.239643633    
  0.529246926    
  0.679160118    
  0.849700987    
  0.727576435    
   6.09074831E-02
  0.786700666    
  0.673132360    
  0.524564505    
  0.218512654    
  0.922243893    
  0.697302222    
  0.394823492    
  0.939482450    
  0.818199396    
  0.609899282    
  0.504242659    
  0.395402491    
  0.424449265    
  0.918037951    
  0.387270391    
  0.432722032    
  0.774964571    
   2.23804116E-02
  0.366805434    
  0.573557019    
   2.36454010E-02
  0.824754477    
  0.189247847    
  0.866132557    
  0.134508908    
  0.398084462    
   9.14039612E-02
  0.424357593    
  0.836783946    
  0.518998444    
   7.84209967E-02
  0.769799769    
  0.746445835    
  0.154758930    
  0.150118411    
  0.778447390    
  0.466821551    
  0.279183865    
  0.521607280    
  0.151284337    
   2.31480002E-02
  0.982468605    
  0.724611342    
  0.643362582    
  0.392355025    
  0.125676990    
  0.615768969    
  0.730342269    
  0.995773017    
  0.184618711    
  0.636168540    
  0.597899079    
  0.760987103    
  0.680060685    
  0.715967655    
  0.853662729    
  0.621571898    
  0.795468926    
  0.137884617    
  0.723274350    
  0.874683738    
  0.562111974    
  0.310595453    
  0.220495939    
  0.362006009    
  0.841914773    
  0.453362823    
  0.701203883    
  0.131871104    
  0.462641954    
  0.573268056    
  0.672033608    
  0.813294232    
  0.928759694    
  0.478179634    
  0.715338409    
  0.401927710    
   4.86028194E-02
  0.186389685    
  0.186669827    
  0.672555447    
  0.457738578    
  0.264130175    
  0.519424558    
  0.219928622    
  0.331383705    
  0.985899270    
  0.741180360    
  0.125928104    
  0.209769785    
  0.659474730    
  0.428282142    
  0.649622202    
  0.490138769    
  0.232123137    
  0.367235124    
  0.609018862    
  0.581468105    
  0.545311749    
  0.989597619    
   1.39487386E-02
  0.100401521    
  0.557382584    
  0.370259821    
  0.610269547    
  0.733142793    
  0.421150506    
  0.241859138    
   6.10923171E-02
  0.278085768    
  0.279410183    
   9.35444236E-02
   4.63951826E-02
  0.503530324    
  0.955355704    
  0.125309765    
  0.765525043    
  0.544906497    
  0.813161850    
   5.88111877E-02
  0.102864087    
  0.404029846    
  0.462816358    
  0.146398008    
  0.684237897    
  0.341314793    
   4.34345007E-02
  0.844519973    
  0.576154590    
  0.566813946    
  0.437521279    
  0.348379195    
  0.502130866    
   7.77678490E-02
  0.991010487    
  0.253071785    
  0.940231383    
  0.343926311    
  0.569001138    
   2.28292942E-02
  0.758501291    
  0.380474687    
  0.901942372    
  0.803020716    
  0.539916575    
  0.370219469    
  0.414478779    
  0.872910857    
  0.874327421    
  0.671145201    
  0.646329761    
  0.698372424    
   9.19316411E-02
  0.467354417    
  0.915975213    
  0.752240539    
  0.504674733    
  0.344287872    
  0.831566334    
  0.306360424    
  0.550398886    
  0.867731035    
  0.568535805    
   3.29652429E-02
  0.214933932    
  0.314429343    
  0.946803868    
  0.510656536    
  0.233225167    
  0.946559906    
  0.661448956    
   6.21039271E-02
  0.637559831    
  0.599577606    
  0.490586221    
   4.80032563E-02
  0.879685879    
  0.756393373    
  0.494803965    
  0.656531334    
  0.904788017    
  0.974880755    
  0.545566082    
  0.576920748    
  0.811201394    
  0.962220490    
  0.452953041    
  0.664518356    
  0.806584358    
  0.553384006    
  0.913650811    
  0.503014445    
  0.610086858    
   8.51834416E-02
  0.172990322    
  0.591205835    
  0.631258488    
  0.649573743    
  0.158210337    
  0.506094337    
  0.587374806    
  0.538711011    
  0.460003316    
  0.697633445    
  0.897539139    
  0.504458547    
  0.650578260    
  0.580880642    
  0.583295703    
  0.351629436    
  0.367226601    
  0.484613717    
  0.524720371    
   7.01906681E-02
  0.128201127    
  0.566963255    
  0.214749038    
  0.335611343    
  0.179487765    
  0.587558508    
  0.609143734    
  0.975787282    
  0.966371715    
  0.652769327    
  0.756192267    
  0.629811108    
  0.734731853    
  0.408854187    
  0.414082766    
  0.832031369    
   6.48862720E-02
  0.347499967    
  0.627929688    
  0.120265365    
  0.480068326    
  0.581636727    
  0.586934984    
  0.774607956    
  0.493204117    
  0.470920920    
  0.818708777    
  0.146023273    
  0.175486028    
  0.676714897    
  0.694527507    
  0.255671859    
  0.564490914    
  0.102443039    
   8.30477476E-03
  0.618546009    
  0.782599270    
  0.803834915    
  0.358822882    
   6.60833120E-02
  0.636485636    
  0.568673372    
  0.929363668    
  0.156447411    
  0.529768467    
  0.995704651    
  0.878809512    
  0.550974011    
  0.817513525    
  0.587520957    
  0.294495821    
  0.909593463    
  0.327481031    
  0.667232394    
  0.740093529    
  0.121734321    
   6.16955757E-03
  0.810580254    
  0.771828234    
  0.283949018    
  0.726971924    
  0.455651641    
  0.466034532    
  0.315808177    
  0.626105070    
   5.59065342E-02
  0.340244770    
  0.488202810    
  0.922054350    
  0.302686572    
  0.383588910    
  0.304984510    
  0.426221967    
  0.434814155    
  0.758477271    
  0.782104790    
   8.42240453E-02
  0.765023649    
  0.808327079    
  0.742259443    
  0.923946679    
   9.93806124E-02
  0.549876928    
  0.593306243    
  0.494363904    
  0.508109331    
  0.189595222    
  0.592453659    
  0.382368326    
  0.866766632    
  0.495062113    
  0.138282537    
  0.525504291    
  0.748044670    
  0.516740203    
  0.982757092    
  0.815158188    
  0.250701666    
  0.706773698    
  0.203184485    
  0.993916273    
  0.752610743    
  0.980878890    
  0.269942701    
  0.179708838    
  0.241892874    
  0.344943702    
   3.85918617E-02
  0.923436701    
  0.513641059    
  0.213216841    
  0.909702539    
  0.623273075    
  0.418742657    
  0.538456261    
  0.773618877    
  0.425119519    
  0.997270584    
  0.776196003    
  0.471604049    
  0.919584215    
   3.65913510E-02
  0.921042025    
  0.930415094    
  0.606070518    
  0.936678231    
  0.672353685    
  0.854937136    
  0.302957952    
  0.778536856    
  0.377785981    
  0.623884022    
   3.01849842E-03
  0.371277511    
  0.541648746    
  0.241746664    
  0.668646455    
  0.909393668    
  0.974350572    
  0.601475835    
  0.762383878    
  0.517128408    
  0.333006918    
  0.947152674    
  0.637430012    
  0.741326988    
  0.565836489    
  0.181374848    
  0.811698616    
  0.144119918    
  0.812521756    
  0.578954577    
  0.454509497    
  0.688119531    
  0.270722628    
  0.583111584    
  0.501175225    
  0.985966802    
  0.428889751    
   6.93857670E-03
  0.935182214    
  0.551551342    
  0.751628399    
  0.366371751    
  0.433970094    
  0.636040866    
  0.187348306    
  0.132265687    
  0.989455521    
  0.471480787    
  0.394008100    
  0.812014043    
  0.624579728    
  0.810361028    
  0.335404456    
  0.644652963    
  0.568055987    
  0.535738647    
  0.824010074    
  0.792013764    
   4.02843952E-03
  0.726761103    
   2.14797258E-02
   6.85441494E-02
  0.729070425    
  0.258729041    
  0.511345565    
  0.618676007    
  0.175164938    
  0.651522398    
  0.728234947    
  0.268752694    
  0.102091908    
  0.615103960    
  0.753601432    
  0.721794128    
  0.167266905    
  0.515280366    
  0.147843719    
   7.01833963E-02
   3.45240831E-02
  0.662986159    
  0.391792774    
  0.181619048    
  0.799533069    
  0.188636065    
  0.675625980    
  0.823549151    
  0.539432466    
  0.650113106    
   1.33957863E-02
  0.312343538    
  0.845787346    
  0.971167743    
  0.654090941    
  0.679700971    
  0.539972186    
  0.339698970    
  0.144839108    
   4.07714248E-02
  0.518767059    
  0.251951575    
  0.427988708    
  0.912416458    
  0.983302772    
  0.253667295    
  0.183639109    
  0.262717605    
  0.569007277    
  0.683432579    
  0.507464767    
  0.995026827    
  0.540667892    
  0.837010682    
  0.390585065    
  0.753527284    
  0.738602042    
  0.112797797    
  0.790222645    
  0.169334769    
   2.01652646E-02
  0.652146220    
  0.610080361    
  0.357324421    
  0.374290824    
  0.485759616    
  0.662639499    
  0.685314417    
  0.221322894    
  0.482939005    
  0.326395094    
  0.395236015    
  0.136325955    
  0.643893301    
  0.952787995    
  0.151519656    
  0.175243139    
  0.851418018    
  0.245244622    
  0.782738328    
  0.143138587    
  0.484232068    
  0.510368824    
  0.880744517    
  0.540985167    
  0.776515543    
  0.207694113    
  0.573269427    
  0.573209465    
   3.97840738E-02
  0.177107215    
  0.515037537    
   8.26078653E-02
  0.614863992    
   8.69566202E-02
   2.67563462E-02
  0.584695935    
  0.335216880    
  0.878507435    
  0.190079987    
  0.576336086    
   7.86795616E-02
  0.389176369    
  0.428884208    
  0.799553156    
  0.540338218    
  0.709990680    
  0.592984378    
  0.802320480    
  0.382293046    
  0.607488394    
  0.644694924    
  0.326350093    
  0.863940835    
  0.207376361    
  0.583769441    
  0.345020533    
  0.581888735    
  0.993753254    
  0.672039807    
  0.526015520    
  0.729563296    
  0.233722687    
  0.610816538    
  0.740932167    
  0.722812295    
  0.741523981    
  0.292050421    
  0.656922817    
  0.925674736    
  0.208781719    
  0.235987902    
  0.329832911    
  0.514680088    
  0.204759538    
  0.287946045    
  0.534780443    
  0.782168448    
  0.625193775    
  0.909463882    
  0.583225191    
  0.356047809    
  0.734676003    
   8.26276541E-02
  0.514412344    
  0.647089422    
  0.778625131    
  0.266147256    
  0.571651042    
  0.553366601    
  0.568606913    
  0.330252707    
  0.971010864    
  0.990978420    
  0.690812230    
  0.242757857    
  0.703667283    
  0.930702865    
  0.331327796    
  0.580172300    
  0.333868384    
  0.348670721    
  0.652558029    
  0.739708066    
  0.944978774    
  0.674809337    
  0.203498244    
   6.01761341E-02
  0.905086696    
  0.581804454    
  0.392299891    
  0.140613317    
  0.536984563    
  0.995315790    
  0.755642414    
  0.750106812    
   1.26160979E-02
  0.723121405    
  0.651518106    
  0.303897202    
   3.89977694E-02
  0.999699652    
   8.14164877E-02
  0.568398237    
  0.666296661    
   6.04274273E-02
  0.844393790    
  0.310720325    
  0.782357514    
  0.148692310    
  0.313398719    
  0.948597908    
  0.683396935    
  0.630711913    
  0.543980896    
  0.186112881    
  0.570048690    
  0.917849660    
   1.70969963E-03
  0.247419775    
  0.592577755    
  0.535988092    
  0.277301729    
  0.934496164    
  0.716791928    
  0.710218728    
  0.835080683    
  0.617849290    
  0.133570850    
  0.875934482    
  0.838295400    
  0.226525486    
  0.320909262    
  0.286839724    
  0.206148803    
  0.281700730    
  0.178211272    
  0.598096132    
  0.690551221    
  0.345971167    
  0.376173019    
   9.36606526E-02
  0.885921240    
  0.233983159    
  0.460384011    
  0.191087365    
  0.266983032    
  0.229602814    
   6.11401200E-02
  0.697589040    
  0.392846406    
  0.862940907    
  0.113143206    
  0.890161514    
  0.539452195    
  0.222004354    
  0.394334197    
  0.501487672    
  0.824272335    
   9.55115557E-02
  0.275580049    
  0.882758558    
  0.495415509    
  0.706355095    
  0.585862815    
  0.290361583    
  0.530660331    
  0.486430705    
  0.265798450    
  0.163247347    
  0.431428373    
   1.10548139E-02
  0.753664672    
  0.477527797    
  0.739843786    
  0.448109865    
  0.809227884    
  0.202001870    
  0.594764650    
   4.51207161E-04
  0.480616391    
  0.438092232    
  0.472261488    
  0.260053217    
  0.279710710    
  0.741871893    
   4.66530919E-02
  0.634782255    
  0.764667571    
  0.767936826    
  0.465917528    
  0.850290895    
  0.982196033    
   5.01469970E-02
  0.289131641    
  0.725436628    
  0.486112535    
  0.805080831    
  0.315014422    
  0.993696868    
  0.563870192    
  0.492715478    
  0.816769898    
  0.930529237    
  0.421864450    
  0.931024253    
  0.613033414    
  0.672770262    
  0.286989450    
  0.900080442    
  0.910243034    
  0.752806365    
  0.706900477    
  0.896935880    
  0.158330142    
  0.486052990    
  0.364705801    
  0.508901179    
  0.184834063    
  0.187879562    
  0.592807770    
   4.22239304E-03
  0.964763999    
  0.151657045    
  0.545776963    
   9.37330723E-02
   3.01446319E-02
  0.628234863    
  0.479679048    
  0.628104687    
   7.50447512E-02
  0.444193780    
  0.738488793    
  0.229012728    
  0.111176014    
  0.147005439    
  0.488042533    
  0.830052614    
   5.15528917E-02
  0.853193879    
  0.788252652    
  0.624208868    
  0.849056721    
  0.766541183    
  0.153550804    
  0.294761300    
  0.636022151    
  0.200200021    
  0.884388983    
  0.545353174    
  0.574266434    
  0.594925463    
  0.812712073    
  0.931787014    
  0.924373806    
  0.883422911    
   5.88247180E-02
  0.524816811    
  0.940464616    
  0.522582650    
  0.465207994    
  0.345635414    
  0.720394790    
  0.147923768    
  0.669490695    
  0.997465909    
  0.248630464    
  0.206318855    
  0.810462892    
  0.541232646    
  0.968251884    
  0.993002534    
  0.128254414    
  0.368786037    
  0.692653060    
  0.434226334    
  0.150803149    
  0.573457956    
  0.801217735    
  0.583692431    
  0.679489315    
   8.75533819E-02
  0.363243759    
  0.189586103    
  0.633283615    
   1.12062097E-02
  0.296301961    
  0.792318583    
  0.797463953    
  0.770408928    
  0.314066947    
  0.711697578    
  0.644721568    
  0.427991450    
  0.406113148    
  0.675596118    
  0.310231507    
  0.746504009    
  0.934645295    
  0.146858811    
  0.349627495    
  0.916321099    
   8.84163380E-03
  0.133289218    
  0.196636915    
  0.139169335    
  0.596339762    
  0.633077323    
  0.584299207    
  0.818248272    
   1.61142945E-02
  0.157227933    
  0.812279165    
  0.616748273    
  0.799243808    
  0.902304888    
  0.546094060    
   6.90519810E-03
  0.118765891    
  0.901170015    
  0.440110683    
  0.914800942    
  0.467438042    
  0.205123723    
  0.746275783    
   6.00218773E-03
  0.963362575    
   2.95722485E-02
  0.569306314    
  0.217451572    
  0.519209027    
  0.860891402    
  0.870854676    
  0.782014549    
  0.799507797    
  0.857667029    
  0.622022569    
  0.275072098    
  0.818406284    
   5.23432493E-02
  0.807992637    
  0.383114755    
  0.185723364    
  0.979997337    
  0.280894637    
  0.521416903    
  0.672824204    
  0.395374179    
  0.875422597    
  0.154025137    
  0.797725618    
   1.78071260E-02
  0.573368907    
   2.11307406E-02
  0.901820838    
  0.439567387    
  0.945899665    
  0.433424830    
  0.389913976    
  0.671898067    
  0.943827808    
  0.543394685    
  0.753796995    
  0.922928751    
  0.516622841    
  0.115644634    
  0.528905749    
  0.865408957    
   4.03765440E-02
  0.761778593    
  0.475062609    
   6.56936169E-02
  0.684528649    
   1.49017572E-02
  0.827010870    
  0.932548046    
   1.52392983E-02
  0.477306247    
  0.984343410    
  0.392970324    
  0.182111263    
  0.254535735    
  0.637513161    
  0.450488031    
   1.74492598E-03
  0.601588905    
  0.394963801    
  0.558491647    
  0.527175248    
  0.137236595    
   4.42656875E-02
  0.368917584    
  0.317412734    
  0.470231891    
  0.986450255    
   1.54328942E-02
  0.187328756    
  0.963814855    
  0.724652588    
  0.390738964    
  0.273536444    
  0.964232683    
  0.689405859    
  0.495224178    
   1.15588903E-02
  0.834772944    
  0.294139445    
  0.400105655    
  0.507870138    
  0.152994990    
  0.807925344    
  0.294094205    
  0.408019066    
   3.72875333E-02
  0.653317332    
  0.780565798    
  0.190368652    
  0.389793158    
  0.821907759    
  0.756507397    
  0.490439534    
  0.238701999    
  0.846508086    
  0.599016607    
  0.796682417    
   1.27918124E-02
  0.654043078    
  0.330822468    
  0.658263206    
  0.426367164    
  0.803198636    
  0.511101842    
  0.365049303    
  0.749938905    
  0.558213890    
  0.359822035    
  0.256013811    
  0.434727371    
  0.812194169    
  0.943260372    
  0.768355429    
  0.639972389    
  0.961881340    
  0.814992249    
  0.641113520    
  0.938730478    
  0.980985045    
  0.226697087    
  0.671201587    
  0.207150340    
  0.360783160    
  0.774533927    
  0.149713516    
  0.763950706    
  0.934858561    
  0.905229032    
  0.437221944    
  0.321820974    
  0.771263063    
  0.899613202    
  0.584253013    
  0.633451104    
  0.857752800    
  0.435230494    
  0.214266658    
  0.788978517    
  0.690089703    
  0.821642935    
  0.978090584    
  0.184180558    
  0.878093898    
  0.509502470    
  0.273111880    
  0.211681068    
  0.424566090    
  0.592782259    
  0.752664268    
   2.66408920E-03
  0.388395190    
   9.58276391E-02
  0.662262142    
  0.559822440    
  0.182896614    
  0.512387753    
  0.519208074    
  0.160812497    
  0.211729646    
  0.945917010    
  0.809850514    
  0.575047135    
  0.495134175    
  0.884640872    
  0.116702080    
  0.438180208    
  0.486705899    
  0.131790936    
  0.869038641    
  0.758841038    
  0.831053972    
  0.221013844    
  0.184644103    
  0.361587167    
  0.757126629    
  0.819527388    
  0.128681779    
  0.509066522    
  0.531887054    
  0.789101779    
  0.914904475    
  0.904035091    
  0.737290323    
  0.240123510    
  0.775907218    
  0.110048652    
  0.738640845    
  0.724049032    
   4.94639874E-02
  0.400718153    
  0.290069759    
   5.86453676E-02
  0.485257089    
  0.418234229    
  0.751284838    
  0.894219220    
  0.768553853    
  0.188825727    
  0.813582242    
  0.637684643    
  0.815804422    
  0.822035372    
  0.270667374    
  0.867837310    
  0.131096900    
  0.310881257    
  0.226702392    
  0.638854384    
  0.740820646    
  0.567305386    
  0.215719044    
  0.945041120    
  0.592623830    
  0.561967194    
  0.807457685    
   1.48135424E-02
  0.476724386    
  0.678251445    
  0.743381143    
  0.621783555    
  0.244237363    
  0.196302295    
  0.496481836    
  0.673548460    
  0.851703942    
  0.684838712    
  0.902223825    
  0.655163527    
  0.191391885    
  0.987930357    
  0.317484200    
   8.65803361E-02
  0.517930686    
  0.569797158    
   9.54734087E-02
  0.184762359    
  0.138199866    
  0.519386232    
  0.951062918    
  0.982668996    
  0.985344648    
  0.574055970    
  0.506372750    
  0.275409937    
  0.975202203    
  0.602557480    
  0.201244533    
  0.860205233    
  0.879829228    
  0.759975791    
  0.935473740    
  0.851724148    
  0.504016280    
  0.553330958    
  0.428426683    
  0.370092452    
  0.371914625    
  0.895462930    
  0.235487759    
  0.733813226    
  0.812131226    
  0.552217185    
  0.836254716    
  0.820887268    
  0.433341324    
  0.929180682    
  0.540737092    
  0.695080698    
  0.227050126    
  0.577825844    
  0.787768960    
  0.137500882    
  0.199554324    
  0.241249800    
  0.904363573    
  0.395891309    
  0.684780061    
  0.743916333    
  0.848107815    
  0.351093531    
  0.316049337    
  0.178027511    
  0.319236755    
  0.779987872    
  0.422448814    
  0.696082950    
  0.865499020    
  0.996597171    
  0.637837529    
  0.881610334    
  0.273818970    
  0.734533250    
  0.557779908    
  0.968567431    
  0.883500695    
  0.494117498    
  0.808269620    
  0.153430402    
   8.54517221E-02
  0.139925480    
  0.235805929    
  0.953935742    
  0.805107176    
  0.988115251    
  0.425940096    
  0.610843480    
  0.492744505    
  0.403694928    
  0.223762929    
  0.807079375    
  0.568907738    
  0.505782068    
  0.440130174    
  0.695393264    
  0.221944451    
  0.404604077    
  0.620731056    
  0.742123723    
  0.262332201    
  0.141204059    
  0.419767439    
  0.692575991    
  0.645981848    
  0.579577446    
  0.119392455    
  0.885843813    
  0.674911201    
  0.644590199    
  0.185359597    
  0.674278259    
  0.570018649    
  0.970915794    
   2.96424031E-02
  0.653286695    
  0.769000828    
  0.288953662    
  0.614108622    
  0.257996976    
  0.630969107    
  0.659322202    
  0.409510732    
  0.960703969    
  0.110597253    
  0.769558787    
  0.233399749    
  0.688881099    
  0.137066424    
  0.999881446    
   6.52443767E-02
  0.321988881    
  0.331097722    
   5.66888452E-02
  0.304463685    
  0.356893003    
  0.104041338    
  0.399381042    
