  -6.50127888       1.22791377E-03
  -6.17545795       0.00000000    
  -5.84963703       0.00000000    
  -5.52381611       6.13956887E-04
  -5.19799519       6.13956887E-04
  -4.87217426       1.22791377E-03
  -4.54635334       1.22791377E-03
  -4.22053242       3.06978449E-03
  -3.89471149       4.91165509E-03
  -3.56889057       1.47349657E-02
  -3.24306965       3.62234563E-02
  -2.91724873       8.10423121E-02
  -2.59142780      0.150419444    
  -2.26560688      0.244968802    
  -1.93978596      0.249880463    
  -1.61396503      0.271368951    
  -1.28814411      0.281192273    
 -0.962323189      0.253564209    
 -0.636502266      0.267685205    
 -0.310681343      0.160242751    
   1.51395798E-02   8.59539658E-02
  0.340960503       8.34981427E-02
  0.666781425       6.99910894E-02
  0.992602348       7.61306584E-02
   1.31842327       6.50794357E-02
   1.64424419       5.70979938E-02
   1.97006512       3.92932408E-02
   2.29588604       4.48188558E-02
   2.62170696       3.86792868E-02
   2.94752789       4.35909405E-02
   3.27334881       5.09584248E-02
   3.59916973       3.49955447E-02
   3.92499065       4.29769829E-02
   4.25081158       4.05211560E-02
   4.57663250       3.80653292E-02
   4.90245342       3.25397179E-02
   5.22827435       2.82420181E-02
   5.55409527       3.62234563E-02
   5.87991619       2.57861894E-02
   6.20573711       1.96466204E-02
   6.53155804       1.90326646E-02
   6.85737896       1.65768359E-02
   7.18319988       1.35070523E-02
   7.50902081       9.82331019E-03
   7.83484173       6.75352616E-03
   8.16066265       5.52561227E-03
   8.48648357       7.36748287E-03
   8.81230450       6.75352616E-03
   9.13812542       6.13956887E-04
   9.46394634       3.68374144E-03
   9.78976727       1.22791377E-03
