 #t,x_euler, x_exp
   0.00000000       1.00000000       1.00000000    
   0.00000000       1.04999995       1.00000000    
   5.00000007E-02   1.10249996       1.05127108    
  0.100000001       1.15762496       1.10517097    
  0.150000006       1.21550620       1.16183424    
  0.200000003       1.27628148       1.22140276    
  0.250000000       1.34009552       1.28402543    
  0.300000012       1.40710032       1.34985888    
  0.349999994       1.47745538       1.41906750    
  0.400000006       1.55132818       1.49182475    
  0.450000018       1.62889457       1.56831217    
  0.500000000       1.71033931       1.64872122    
  0.550000012       1.79585624       1.73325300    
  0.600000024       1.88564909       1.82211888    
  0.650000036       1.97993159       1.91554093    
  0.699999988       2.07892823       2.01375270    
  0.750000000       2.18287468       2.11700010    
  0.800000012       2.29201841       2.22554088    
  0.850000024       2.40661931       2.33964682    
  0.900000036       2.52695036       2.45960331    
  0.949999988       2.65329790       2.58570957    
   1.00000000       2.78596282       2.71828175    
   1.05000007       2.92526102       2.85765123    
   1.10000002       3.07152414       3.00416613    
   1.14999998       3.22510028       3.15819287    
   1.20000005       3.38635540       3.32011700    
   1.25000000       3.55567312       3.49034286    
   1.30000007       3.73345685       3.66929698    
   1.35000002       3.92012978       3.85742569    
   1.39999998       4.11613607       4.05520010    
   1.45000005       4.32194281       4.26311493    
   1.50000000       4.53804016       4.48168898    
   1.55000007       4.76494217       4.71147060    
   1.60000002       5.00318909       4.95303249    
   1.64999998       5.25334835       5.20697975    
   1.70000005       5.51601601       5.47394753    
   1.75000000       5.79181671       5.75460291    
   1.80000007       6.08140755       6.04964781    
   1.85000002       6.38547802       6.35981989    
   1.89999998       6.70475197       6.68589449    
   1.95000005       7.03998947       7.02868795    
   2.00000000       7.39198875       7.38905621    
   2.04999995       7.76158810       7.76790094    
   2.10000014       8.14966774       8.16617107    
   2.15000010       8.55715084       8.58485889    
   2.20000005       8.98500824       9.02501392    
   2.25000000       9.43425846       9.48773575    
   2.29999995       9.90597153       9.97418213    
   2.35000014       10.4012699       10.4855709    
   2.40000010       10.9213333       11.0231771    
   2.45000005       11.4673996       11.5883474    
   2.50000000       12.0407696       12.1824942    
   2.54999995       12.6428080       12.8071032    
   2.60000014       13.2749481       13.4637403    
   2.65000010       13.9386959       14.1540403    
   2.70000005       14.6356306       14.8797321    
   2.75000000       15.3674126       15.6426315    
   2.79999995       16.1357841       16.4446468    
   2.85000014       16.9425735       17.2877846    
   2.90000010       17.7897015       18.1741467    
   2.95000005       18.6791859       19.1059551    
   3.00000000       19.6131458       20.0855370    
   3.04999995       20.5938034       21.1153431    
   3.10000014       21.6234932       22.1979542    
   3.15000010       22.7046680       23.3360672    
   3.20000005       23.8399010       24.5325317    
   3.25000000       25.0318966       25.7903404    
   3.29999995       26.2834911       27.1126385    
   3.35000014       27.5976658       28.5027370    
   3.40000010       28.9775486       29.9641037    
   3.45000005       30.4264259       31.5003929    
   3.50000000       31.9477463       33.1154518    
   3.54999995       33.5451355       34.8133163    
   3.60000014       35.2223930       36.5982399    
   3.65000010       36.9835129       38.4746704    
   3.70000005       38.8326874       40.4473076    
   3.75000000       40.7743225       42.5210838    
   3.79999995       42.8130379       44.7011833    
   3.85000014       44.9536896       46.9930687    
   3.90000010       47.2013741       49.4024544    
   3.95000005       49.5614433       51.9353676    
   4.00000000       52.0395164       54.5981483    
   4.05000019       54.6414909       57.3974686    
   4.09999990       57.3735657       60.3402824    
   4.15000010       60.2422447       63.4340057    
   4.20000029       63.2543564       66.6863480    
   4.25000000       66.4170761       70.1054153    
   4.30000019       69.7379303       73.6998062    
   4.34999990       73.2248230       77.4784546    
   4.40000010       76.8860626       81.4508743    
   4.45000029       80.7303619       85.6269684    
   4.50000000       84.7668762       90.0171280    
   4.55000019       89.0052185       94.6324234    
   4.59999990       93.4554825       99.4843063    
   4.65000010       98.1282578       104.584999    
   4.70000029       103.034668       109.947205    
   4.75000000       108.186401       115.584282    
   4.80000019       113.595718       121.510437    
   4.84999990       119.275505       127.740379    
   4.90000010       125.239281       134.289795    
   4.95000029       131.501251       141.175003    
