 #t,x_midpoint, x_exp
   0.00000000       1.00000000       1.00000000    
   0.00000000       1.02499998       1.00000000    
   2.50000004E-02   1.05062497       1.02531517    
   5.00000007E-02   1.07689059       1.05127108    
   7.50000030E-02   1.10381281       1.07788420    
  0.100000001       1.13140810       1.10517097    
  0.125000000       1.15969324       1.13314843    
  0.150000006       1.18868554       1.16183424    
  0.174999997       1.21840262       1.19124627    
  0.200000003       1.24886274       1.22140276    
  0.225000009       1.28008437       1.25232267    
  0.250000000       1.31208646       1.28402543    
  0.275000006       1.34488857       1.31653070    
  0.300000012       1.37851083       1.34985888    
  0.325000018       1.41297364       1.38403070    
  0.349999994       1.44829798       1.41906750    
  0.375000000       1.48450541       1.45499146    
  0.400000006       1.52161801       1.49182475    
  0.425000012       1.55965841       1.52959049    
  0.450000018       1.59864986       1.56831217    
  0.474999994       1.63861609       1.60801423    
  0.500000000       1.67958152       1.64872122    
  0.525000036       1.72157109       1.69045889    
  0.550000012       1.76461041       1.73325300    
  0.574999988       1.80872571       1.77713048    
  0.600000024       1.85394382       1.82211888    
  0.625000000       1.90029240       1.86824596    
  0.650000036       1.94779968       1.91554093    
  0.675000012       1.99649465       1.96403301    
  0.699999988       2.04640698       2.01375270    
  0.725000024       2.09756708       2.06473112    
  0.750000000       2.15000629       2.11700010    
  0.775000036       2.20375633       2.17059231    
  0.800000012       2.25885034       2.22554088    
  0.824999988       2.31532168       2.28188086    
  0.850000024       2.37320471       2.33964682    
  0.875000000       2.43253493       2.39887524    
  0.900000036       2.49334836       2.45960331    
  0.925000012       2.55568218       2.52186823    
  0.949999988       2.61957431       2.58570957    
  0.975000024       2.68506360       2.65116739    
   1.00000000       2.75219011       2.71828175    
   1.02499998       2.82099485       2.78709531    
   1.05000007       2.89151978       2.85765123    
   1.07500005       2.96380782       2.92999315    
   1.10000002       3.03790307       3.00416613    
   1.12500000       3.11385059       3.08021688    
   1.14999998       3.19169688       3.15819287    
   1.17500007       3.27148938       3.23814321    
   1.20000005       3.35327673       3.32011700    
   1.22500002       3.43710876       3.40416622    
   1.25000000       3.52303648       3.49034286    
   1.27499998       3.61111236       3.57870126    
   1.30000007       3.70139027       3.66929698    
   1.32500005       3.79392505       3.76218557    
   1.35000002       3.88877320       3.85742569    
   1.37500000       3.98599243       3.95507669    
   1.39999998       4.08564234       4.05520010    
   1.42500007       4.18778324       4.15785837    
   1.45000005       4.29247761       4.26311493    
   1.47500002       4.39978933       4.37103605    
   1.50000000       4.50978422       4.48168898    
   1.52499998       4.62252903       4.59514332    
   1.55000007       4.73809242       4.71147060    
   1.57500005       4.85654449       4.83074188    
   1.60000002       4.97795820       4.95303249    
   1.62500000       5.10240698       5.07841921    
   1.64999998       5.22996712       5.20697975    
   1.67500007       5.36071634       5.33879566    
   1.70000005       5.49473429       5.47394753    
   1.72500002       5.63210249       5.61252117    
   1.75000000       5.77290487       5.75460291    
   1.77499998       5.91722727       5.90028095    
   1.80000007       6.06515789       6.04964781    
   1.82500005       6.21678686       6.20279551    
   1.85000002       6.37220669       6.35981989    
   1.87500000       6.53151178       6.52081919    
   1.89999998       6.69479942       6.68589449    
   1.92500007       6.86216927       6.85514927    
   1.95000005       7.03372335       7.02868795    
   1.97500002       7.20956659       7.20661974    
   2.00000000       7.38980579       7.38905621    
   2.02500010       7.57455111       7.57611179    
   2.04999995       7.76391506       7.76790094    
   2.07500005       7.95801306       7.96454668    
   2.10000014       8.15696335       8.16617107    
   2.12500000       8.36088753       8.37289715    
   2.15000010       8.56991005       8.58485889    
   2.17499995       8.78415775       8.80218506    
   2.20000005       9.00376129       9.02501392    
   2.22500014       9.22885513       9.25348377    
   2.25000000       9.45957661       9.48773575    
   2.27500010       9.69606590       9.72791958    
   2.29999995       9.93846798       9.97418213    
   2.32500005       10.1869297       10.2266808    
   2.35000014       10.4416027       10.4855709    
   2.37500000       10.7026424       10.7510128    
   2.40000010       10.9702082       11.0231771    
   2.42499995       11.2444630       11.3022289    
   2.45000005       11.5255747       11.5883474    
   2.47500014       11.8137140       11.8817091    
