 #t,x(t),y(t)
   0.00000000       1.00000000      0.600000024    
   0.00000000       1.07000005      0.602100015    
   5.00000007E-02   1.14478767      0.606458843    
  0.100000001       1.22455311      0.613267958    
  0.150000006       1.30945945      0.622757018    
  0.200000003       1.39963162      0.635200679    
  0.250000000       1.49514246      0.650926411    
  0.300000012       1.59599531      0.670323849    
  0.349999994       1.70210314      0.693855643    
  0.400000006       1.81326270      0.722069979    
  0.450000018       1.92912388      0.755614579    
  0.500000000       2.04915261      0.795252323    
  0.550000012       2.17258811      0.841877520    
  0.600000024       2.29839420      0.896531940    
  0.650000036       2.42520452      0.960418999    
  0.699999988       2.55126429       1.03491223    
  0.750000000       2.67437410       1.12155378    
  0.800000012       2.79183888       1.22203600    
  0.850000024       2.90043640       1.33815610    
  0.900000036       2.99641824       1.47173202    
  0.949999988       3.07556391       1.62446570    
   1.00000000       3.13331294       1.79774046    
   1.05000007       3.16499996       1.99234581    
   1.10000002       3.16621113       2.20813799    
   1.14999998       3.13326073       2.44366479    
   1.20000005       3.06375480       2.69582105    
   1.25000000       2.95716357       2.95962930    
   1.30000007       2.81527448       3.22825623    
   1.35000002       2.64238048       3.49335742    
   1.39999998       2.44507957       3.74576640    
   1.45000005       2.23165274       3.97644067    
   1.50000000       2.01111627       4.17747307    
   1.55000007       1.79215872       4.34293413    
   1.60000002       1.58221328       4.46935987    
   1.64999998       1.38686061       4.55581093    
   1.70000005       1.20963299       4.60356331    
   1.75000000       1.05216515       4.61557055    
   1.80000007      0.914564550       4.59585381    
   1.85000002      0.795860767       4.54894400    
   1.89999998      0.694430530       4.47944307    
   1.95000005      0.608340502       4.39172220    
   2.00000000      0.535591424       4.28974438    
   2.04999995      0.474273056       4.17698288    
   2.10000014      0.422648847       4.05640364    
   2.15000010      0.379192024       3.93049121    
   2.20000005      0.342590690       3.80129409    
   2.25000000      0.311735362       3.67047930    
   2.29999995      0.285697997       3.53938770    
   2.35000014      0.263707995       3.40908647    
   2.40000010      0.245128632       3.28041530    
   2.45000005      0.229435310       3.15402675    
   2.50000000      0.216196582       3.03041983    
   2.54999995      0.205057919       2.90996933    
   2.60000014      0.195728093       2.79294896    
   2.65000010      0.187967971       2.67955065    
   2.70000005      0.181581289       2.56990099    
   2.75000000      0.176407129       2.46407342    
   2.79999995      0.172313839       2.36209941    
   2.85000014      0.169194102       2.26397705    
   2.90000010      0.166960940       2.16967797    
   2.95000005      0.165544465       2.07915306    
   3.00000000      0.164889291       1.99233687    
   3.04999995      0.164952472       1.90915203    
   3.10000014      0.165701747       1.82951188    
   3.15000010      0.167114258       1.75332320    
   3.20000005      0.169175416       1.68048799    
   3.25000000      0.171878099       1.61090553    
   3.29999995      0.175221935       1.54447353    
   3.35000014      0.179212838       1.48108935    
   3.40000010      0.183862612       1.42065072    
   3.45000005      0.189188644       1.36305678    
   3.50000000      0.195213765       1.30820835    
   3.54999995      0.201966122       1.25600863    
   3.60000014      0.209479168       1.20636356    
   3.65000010      0.217791677       1.15918219    
   3.70000005      0.226947829       1.11437678    
   3.75000000      0.236997336       1.07186317    
   3.79999995      0.247995630       1.03156090    
   3.85000014      0.260004073      0.993393362    
   3.90000010      0.273090154      0.957287967    
   3.95000005      0.287327886      0.923176348    
   4.00000000      0.302797973      0.890994310    
   4.05000019      0.319588214      0.860682130    
   4.09999990      0.337793827      0.832184672    
   4.15000010      0.357517868      0.805451512    
   4.20000029      0.378871500      0.780437052    
   4.25000000      0.401974380      0.757100999    
   4.30000019      0.426955044      0.735408366    
   4.34999990      0.453951240      0.715329945    
   4.40000010      0.483110130      0.696842611    
   4.45000029      0.514588535      0.679929852    
   4.50000000      0.548553169      0.664582253    
   4.55000019      0.585180521      0.650798142    
   4.59999990      0.624656856      0.638584495    
   4.65000010      0.667177737      0.627957761    
   4.70000029      0.712947547      0.618944943    
   4.75000000      0.762178540      0.611585021    
   4.80000019      0.815089524      0.605930567    
   4.84999990      0.871904075      0.602049708    
   4.90000010      0.932847977      0.600028276    
   4.95000029      0.998145998      0.599972665    
